0.455
0.35
0.53
0.44
0.33
0.425
0.53
0.545
0.475
0.55
0.525
0.43
0.49
0.535
0.47
0.5
0.355
0.44
0.365
0.45
0.355
0.38
0.565
0.55
0.615
0.56
0.58
0.59
0.605
0.575
0.58
0.68
0.665
0.68
0.705
0.465
0.54
0.45
0.575
0.355
0.45
0.55
0.24
0.205
0.21
0.39
0.47
0.46
0.325
0.525
0.52
0.4
0.485
0.47
0.405
0.5
0.445
0.47
0.245
0.505
0.45
0.505
0.53
0.425
0.52
0.475
0.565
0.595
0.475
0.31
0.555
0.4
0.595
0.57
0.605
0.6
0.595
0.6
0.555
0.615
0.575
0.62
0.52
0.595
0.58
0.57
0.625
0.56
0.46
0.575
0.565
0.555
0.595
0.625
0.695
0.665
0.535
0.47
0.47
0.475
0.36
0.55
0.53
0.53
0.605
0.52
0.545
0.5
0.51
0.435
0.495
0.465
0.435
0.425
0.545
0.53
0.49
0.44
0.56
0.405
0.47
0.385
0.515
0.37
0.36
0.27
0.375
0.385
0.7
0.71
0.595
0.44
0.325
0.35
0.265
0.425
0.305
0.345
0.405
0.375
0.565
0.55
0.65
0.56
0.475
0.49
0.46
0.28
0.175
0.17
0.59
0.605
0.635
0.605
0.565
0.515
0.575
0.645
0.58
0.575
0.605
0.605
0.61
0.725
0.65
0.725
0.725
0.68
0.705
0.68
0.695
0.53
0.525
0.52
0.235
0.36
0.315
0.315
0.225
0.58
0.57
0.64
0.56
0.62
0.645
0.62
0.63
0.63
0.63
0.585
0.615
0.61
0.58
0.355
0.51
0.5
0.505
0.64
0.56
0.585
0.45
0.5
0.5
0.53
0.42
0.44
0.4
0.435
0.525
0.37
0.49
0.335
0.415
0.5
0.485
0.55
0.45
0.405
0.47
0.415
0.445
0.47
0.49
0.445
0.425
0.5
0.39
0.365
0.58
0.53
0.555
0.565
0.625
0.275
0.44
0.295
0.075
0.13
0.11
0.16
0.565
0.27
0.23
0.3
0.33
0.35
0.32
0.36
0.305
0.345
0.33
0.59
0.595
0.575
0.6
0.56
0.56
0.545
0.635
0.59
0.54
0.57
0.53
0.245
0.27
0.46
0.52
0.35
0.47
0.45
0.64
0.59
0.62
0.63
0.63
0.655
0.66
0.61
0.635
0.515
0.535
0.36
0.455
0.485
0.515
0.535
0.53
0.495
0.44
0.535
0.54
0.565
0.61
0.565
0.6
0.295
0.275
0.28
0.49
0.37
0.405
0.54
0.37
0.36
0.47
0.2
0.165
0.645
0.55
0.57
0.63
0.56
0.595
0.62
0.63
0.45
0.635
0.45
0.58
0.33
0.265
0.19
0.385
0.265
0.335
0.355
0.32
0.51
0.36
0.36
0.5
0.4
0.3
0.235
0.74
0.62
0.6
0.59
0.62
0.565
0.575
0.62
0.62
0.505
0.46
0.49
0.525
0.34
0.375
0.61
0.61
0.585
0.57
0.58
0.635
0.7
0.675
0.645
0.745
0.685
0.605
0.59
0.65
0.6
0.62
0.63
0.58
0.58
0.63
0.69
0.65
0.66
0.68
0.7
0.685
0.675
0.63
0.585
0.565
0.61
0.605
0.535
0.485
0.47
0.545
0.455
0.54
0.46
0.49
0.465
0.415
0.475
0.47
0.365
0.345
0.39
0.5
0.47
0.535
0.585
0.485
0.515
0.435
0.515
0.44
0.525
0.45
0.59
0.555
0.57
0.59
0.585
0.58
0.545
0.605
0.62
0.63
0.63
0.63
0.545
0.67
0.49
0.49
0.29
0.26
0.58
0.61
0.6
0.56
0.575
0.57
0.6
0.565
0.545
0.44
0.5
0.36
0.385
0.39
0.5
0.36
0.335
0.505
0.395
0.41
0.56
0.565
0.565
0.605
0.565
0.725
0.675
0.665
0.565
0.645
0.575
0.64
0.36
0.415
0.525
0.38
0.585
0.24
0.22
0.255
0.175
0.67
0.655
0.68
0.675
0.53
0.515
0.43
0.52
0.545
0.53
0.465
0.665
0.735
0.66
0.7
0.575
0.57
0.58
0.63
0.585
0.55
0.625
0.54
0.57
0.59
0.58
0.655
0.655
0.625
0.625
0.64
0.605
0.615
0.555
0.58
0.62
0.62
0.6
0.625
0.6
0.56
0.585
0.56
0.56
0.68
0.455
0.49
0.31
0.275
0.27
0.4
0.28
0.325
0.345
0.21
0.36
0.365
0.2
0.235
0.175
0.155
0.57
0.57
0.385
0.53
0.46
0.47
0.435
0.47
0.465
0.52
0.29
0.275
0.375
0.5
0.44
0.42
0.445
0.38
0.32
0.255
0.205
0.565
0.555
0.65
0.615
0.56
0.48
0.485
0.5
0.525
0.66
0.66
0.52
0.44
0.515
0.475
0.545
0.47
0.35
0.485
0.435
0.28
0.41
0.45
0.45
0.59
0.57
0.61
0.61
0.56
0.585
0.58
0.63
0.625
0.55
0.645
0.46
0.41
0.495
0.52
0.55
0.45
0.405
0.51
0.37
0.525
0.66
0.535
0.575
0.55
0.605
0.605
0.56
0.535
0.385
0.39
0.47
0.515
0.425
0.345
0.485
0.37
0.35
0.44
0.195
0.325
0.495
0.45
0.415
0.47
0.32
0.31
0.235
0.345
0.485
0.5
0.5
0.465
0.525
0.425
0.38
0.53
0.34
0.475
0.43
0.46
0.47
0.36
0.355
0.38
0.355
0.44
0.51
0.325
0.62
0.59
0.33
0.45
0.445
0.33
0.48
0.46
0.475
0.255
0.335
0.47
0.31
0.37
0.295
0.555
0.615
0.58
0.585
0.65
0.535
0.415
0.38
0.45
0.395
0.455
0.485
0.55
0.45
0.475
0.5
0.53
0.49
0.49
0.52
0.54
0.5
0.45
0.37
0.37
0.485
0.435
0.535
0.51
0.565
0.535
0.535
0.525
0.59
0.5
0.255
0.43
0.38
0.165
0.315
0.155
0.28
0.43
0.395
0.385
0.48
0.445
0.395
0.4
0.415
0.315
0.345
0.36
0.295
0.325
0.375
0.28
0.355
0.35
0.275
0.29
0.25
0.18
0.15
0.16
0.555
0.555
0.525
0.465
0.49
0.4
0.48
0.505
0.52
0.525
0.545
0.52
0.505
0.525
0.51
0.52
0.52
0.535
0.445
0.53
0.36
0.535
0.52
0.53
0.53
0.66
0.52
0.535
0.695
0.51
0.485
0.605
0.58
0.65
0.62
0.615
0.605
0.57
0.57
0.585
0.55
0.54
0.64
0.61
0.545
0.59
0.345
0.55
0.53
0.53
0.485
0.385
0.455
0.49
0.53
0.505
0.49
0.465
0.47
0.56
0.505
0.515
0.385
0.215
0.55
0.515
0.495
0.505
0.6
0.57
0.485
0.47
0.575
0.58
0.515
0.53
0.44
0.52
0.425
0.46
0.45
0.425
0.37
0.515
0.405
0.28
0.48
0.44
0.52
0.505
0.49
0.235
0.255
0.315
0.325
0.335
0.35
0.35
0.36
0.365
0.37
0.38
0.385
0.385
0.395
0.395
0.4
0.41
0.415
0.415
0.425
0.44
0.445
0.445
0.45
0.47
0.475
0.48
0.485
0.49
0.495
0.5
0.505
0.525
0.54
0.54
0.545
0.55
0.55
0.55
0.555
0.565
0.57
0.57
0.575
0.59
0.59
0.595
0.595
0.595
0.595
0.6
0.6
0.6
0.605
0.605
0.615
0.615
0.615
0.615
0.62
0.62
0.625
0.625
0.63
0.635
0.635
0.635
0.64
0.65
0.655
0.655
0.66
0.66
0.67
0.675
0.675
0.68
0.685
0.695
0.73
0.205
0.24
0.24
0.255
0.255
0.265
0.28
0.295
0.3
0.3
0.305
0.315
0.315
0.32
0.325
0.33
0.335
0.335
0.34
0.34
0.345
0.37
0.37
0.375
0.385
0.41
0.41
0.41
0.415
0.42
0.42
0.425
0.425
0.43
0.43
0.435
0.435
0.44
0.44
0.445
0.445
0.45
0.45
0.45
0.45
0.455
0.455
0.46
0.46
0.465
0.465
0.465
0.465
0.47
0.47
0.475
0.475
0.48
0.48
0.48
0.48
0.485
0.49
0.495
0.495
0.5
0.5
0.5
0.5
0.505
0.505
0.505
0.505
0.51
0.51
0.51
0.51
0.51
0.515
0.515
0.525
0.525
0.53
0.53
0.53
0.535
0.535
0.535
0.55
0.55
0.56
0.565
0.57
0.57
0.57
0.57
0.57
0.575
0.575
0.58
0.58
0.58
0.58
0.58
0.59
0.59
0.59
0.595
0.595
0.595
0.595
0.595
0.605
0.605
0.605
0.61
0.61
0.615
0.62
0.625
0.625
0.625
0.625
0.625
0.63
0.63
0.63
0.635
0.635
0.64
0.64
0.64
0.645
0.645
0.645
0.645
0.645
0.645
0.645
0.65
0.65
0.65
0.655
0.655
0.66
0.66
0.66
0.66
0.67
0.675
0.675
0.68
0.69
0.69
0.695
0.705
0.71
0.715
0.715
0.735
0.765
0.185
0.195
0.195
0.2
0.225
0.245
0.25
0.265
0.275
0.28
0.285
0.3
0.315
0.32
0.34
0.37
0.375
0.375
0.385
0.4
0.405
0.41
0.41
0.42
0.42
0.42
0.425
0.43
0.435
0.435
0.44
0.445
0.445
0.445
0.45
0.45
0.45
0.45
0.45
0.46
0.47
0.47
0.475
0.475
0.48
0.49
0.5
0.5
0.5
0.5
0.505
0.51
0.51
0.51
0.51
0.515
0.52
0.52
0.52
0.52
0.525
0.525
0.525
0.525
0.53
0.535
0.54
0.545
0.545
0.545
0.55
0.55
0.55
0.56
0.56
0.56
0.56
0.565
0.565
0.565
0.57
0.57
0.57
0.575
0.575
0.575
0.575
0.575
0.575
0.575
0.575
0.58
0.58
0.58
0.58
0.58
0.58
0.585
0.585
0.59
0.6
0.6
0.6
0.6
0.605
0.605
0.605
0.605
0.61
0.61
0.61
0.615
0.615
0.615
0.62
0.62
0.62
0.625
0.625
0.63
0.63
0.635
0.64
0.645
0.645
0.65
0.65
0.655
0.655
0.66
0.665
0.665
0.67
0.685
0.685
0.69
0.69
0.69
0.695
0.7
0.7
0.7
0.705
0.71
0.715
0.715
0.72
0.72
0.72
0.725
0.73
0.735
0.745
0.75
0.755
0.755
0.78
0.185
0.245
0.25
0.25
0.275
0.305
0.31
0.315
0.315
0.325
0.33
0.33
0.335
0.34
0.345
0.345
0.35
0.35
0.36
0.365
0.365
0.365
0.37
0.37
0.375
0.375
0.375
0.375
0.375
0.375
0.38
0.38
0.385
0.385
0.385
0.385
0.39
0.395
0.395
0.395
0.4
0.405
0.41
0.42
0.425
0.425
0.425
0.43
0.43
0.435
0.44
0.45
0.455
0.455
0.455
0.46
0.46
0.46
0.465
0.47
0.47
0.47
0.475
0.475
0.475
0.48
0.48
0.48
0.495
0.495
0.495
0.5
0.5
0.5
0.5
0.5
0.5
0.505
0.505
0.505
0.515
0.515
0.515
0.52
0.52
0.525
0.525
0.53
0.53
0.53
0.53
0.535
0.535
0.535
0.535
0.54
0.54
0.545
0.545
0.545
0.545
0.55
0.55
0.55
0.55
0.55
0.555
0.555
0.555
0.555
0.56
0.56
0.56
0.56
0.565
0.565
0.565
0.565
0.57
0.57
0.57
0.57
0.57
0.57
0.575
0.575
0.575
0.58
0.58
0.58
0.585
0.585
0.585
0.585
0.585
0.585
0.585
0.59
0.59
0.59
0.595
0.595
0.6
0.6
0.6
0.6
0.6
0.6
0.605
0.605
0.605
0.605
0.605
0.61
0.61
0.61
0.61
0.61
0.61
0.615
0.615
0.615
0.615
0.615
0.615
0.615
0.62
0.62
0.62
0.62
0.625
0.625
0.625
0.625
0.63
0.63
0.63
0.63
0.63
0.635
0.635
0.635
0.635
0.635
0.64
0.64
0.645
0.645
0.645
0.65
0.65
0.65
0.65
0.65
0.655
0.655
0.655
0.655
0.66
0.66
0.665
0.67
0.67
0.675
0.685
0.695
0.7
0.705
0.705
0.705
0.71
0.72
0.72
0.725
0.73
0.735
0.745
0.75
0.815
0.14
0.23
0.365
0.365
0.37
0.375
0.385
0.395
0.4
0.4
0.405
0.405
0.405
0.41
0.415
0.425
0.43
0.44
0.44
0.44
0.45
0.455
0.46
0.47
0.47
0.47
0.475
0.475
0.475
0.48
0.485
0.485
0.485
0.495
0.505
0.505
0.515
0.515
0.515
0.52
0.525
0.53
0.53
0.545
0.55
0.55
0.56
0.56
0.57
0.575
0.575
0.58
0.58
0.585
0.59
0.59
0.59
0.595
0.6
0.6
0.605
0.605
0.605
0.61
0.615
0.62
0.62
0.62
0.625
0.625
0.63
0.63
0.63
0.63
0.63
0.635
0.635
0.64
0.645
0.645
0.645
0.65
0.65
0.65
0.65
0.655
0.655
0.66
0.665
0.67
0.67
0.67
0.68
0.68
0.69
0.7
0.7
0.705
0.72
0.725
0.74
0.75
0.21
0.285
0.295
0.3
0.305
0.335
0.35
0.355
0.355
0.36
0.36
0.36
0.365
0.37
0.375
0.38
0.38
0.385
0.385
0.385
0.39
0.39
0.39
0.41
0.41
0.415
0.425
0.425
0.435
0.435
0.45
0.45
0.455
0.46
0.46
0.465
0.465
0.47
0.475
0.475
0.475
0.48
0.48
0.48
0.485
0.49
0.49
0.495
0.495
0.5
0.5
0.5
0.51
0.515
0.515
0.515
0.515
0.515
0.52
0.52
0.525
0.525
0.525
0.525
0.525
0.53
0.53
0.53
0.53
0.535
0.54
0.54
0.54
0.54
0.54
0.54
0.54
0.545
0.545
0.545
0.55
0.55
0.55
0.55
0.55
0.555
0.555
0.555
0.56
0.56
0.56
0.565
0.565
0.565
0.565
0.57
0.57
0.57
0.57
0.57
0.57
0.575
0.575
0.575
0.575
0.575
0.575
0.575
0.575
0.575
0.575
0.575
0.58
0.58
0.58
0.58
0.585
0.59
0.59
0.59
0.595
0.595
0.595
0.595
0.6
0.6
0.6
0.6
0.6
0.6
0.6
0.605
0.605
0.605
0.605
0.605
0.605
0.61
0.61
0.61
0.61
0.61
0.61
0.61
0.61
0.615
0.615
0.62
0.62
0.62
0.62
0.62
0.62
0.62
0.62
0.62
0.62
0.625
0.625
0.625
0.625
0.625
0.625
0.63
0.63
0.63
0.63
0.63
0.635
0.635
0.635
0.635
0.64
0.64
0.64
0.645
0.645
0.645
0.645
0.645
0.645
0.645
0.645
0.645
0.645
0.645
0.65
0.65
0.65
0.65
0.655
0.655
0.655
0.655
0.66
0.66
0.66
0.66
0.665
0.665
0.665
0.665
0.665
0.67
0.67
0.67
0.67
0.67
0.675
0.675
0.68
0.68
0.685
0.685
0.69
0.7
0.7
0.705
0.71
0.71
0.71
0.71
0.72
0.72
0.72
0.725
0.73
0.735
0.74
0.75
0.75
0.77
0.775
0.275
0.375
0.375
0.39
0.435
0.445
0.455
0.455
0.455
0.465
0.465
0.485
0.485
0.485
0.49
0.5
0.515
0.515
0.525
0.525
0.53
0.535
0.535
0.545
0.545
0.545
0.55
0.55
0.57
0.575
0.575
0.58
0.585
0.585
0.6
0.6
0.605
0.605
0.61
0.615
0.62
0.625
0.625
0.635
0.635
0.64
0.645
0.65
0.65
0.655
0.655
0.665
0.675
0.685
0.695
0.695
0.705
0.72
0.72
0.73
0.185
0.24
0.31
0.34
0.35
0.365
0.365
0.365
0.39
0.405
0.41
0.41
0.415
0.415
0.415
0.42
0.43
0.435
0.435
0.435
0.435
0.445
0.465
0.47
0.475
0.485
0.485
0.485
0.495
0.495
0.495
0.5
0.505
0.505
0.51
0.515
0.515
0.515
0.52
0.52
0.52
0.52
0.52
0.525
0.525
0.525
0.53
0.53
0.53
0.53
0.535
0.54
0.54
0.54
0.545
0.545
0.55
0.55
0.555
0.555
0.555
0.555
0.555
0.56
0.565
0.565
0.565
0.565
0.565
0.565
0.57
0.57
0.57
0.57
0.57
0.575
0.575
0.575
0.575
0.575
0.575
0.575
0.575
0.575
0.575
0.58
0.58
0.58
0.58
0.58
0.595
0.6
0.6
0.6
0.6
0.605
0.605
0.605
0.61
0.61
0.61
0.61
0.615
0.615
0.615
0.615
0.62
0.62
0.62
0.62
0.62
0.62
0.625
0.625
0.625
0.625
0.625
0.625
0.63
0.635
0.635
0.635
0.635
0.635
0.635
0.64
0.64
0.64
0.64
0.64
0.64
0.645
0.645
0.645
0.65
0.65
0.65
0.655
0.655
0.655
0.66
0.66
0.665
0.665
0.665
0.67
0.675
0.675
0.68
0.68
0.685
0.69
0.695
0.7
0.7
0.7
0.705
0.72
0.72
0.725
0.75
0.76
0.135
0.16
0.21
0.28
0.28
0.285
0.29
0.29
0.29
0.32
0.325
0.335
0.35
0.35
0.355
0.36
0.36
0.375
0.375
0.395
0.405
0.415
0.425
0.43
0.435
0.45
0.46
0.47
0.47
0.475
0.505
0.505
0.505
0.51
0.515
0.525
0.53
0.53
0.545
0.55
0.56
0.565
0.57
0.58
0.59
0.6
0.605
0.61
0.625
0.66
0.255
0.27
0.28
0.285
0.32
0.325
0.385
0.395
0.4
0.405
0.415
0.42
0.44
0.445
0.45
0.455
0.46
0.46
0.465
0.465
0.475
0.48
0.485
0.49
0.5
0.5
0.505
0.525
0.535
0.535
0.54
0.54
0.545
0.55
0.55
0.565
0.58
0.58
0.585
0.595
0.6
0.61
0.61
0.62
0.645
0.65
0.665
0.685
0.69
0.705
0.71
0.72
0.72
0.73
0.775
0.505
0.53
0.505
0.405
0.415
0.5
0.425
0.47
0.4
0.37
0.5
0.41
0.375
0.49
0.585
0.595
0.675
0.665
0.62
0.325
0.455
0.525
0.385
0.13
0.18
0.31
0.375
0.48
0.455
0.425
0.475
0.435
0.29
0.385
0.47
0.5
0.4
0.62
0.595
0.585
0.32
0.52
0.44
0.44
0.565
0.56
0.59
0.57
0.68
0.45
0.32
0.46
0.47
0.455
0.415
0.465
0.46
0.415
0.27
0.445
0.745
0.4
0.28
0.55
0.58
0.61
0.62
0.56
0.64
0.69
0.715
0.71
0.55
0.375
0.61
0.38
0.37
0.335
0.165
0.285
0.19
0.215
0.595
0.645
0.575
0.57
0.58
0.595
0.595
0.625
0.535
0.55
0.495
0.32
0.445
0.52
0.495
0.47
0.49
0.58
0.645
0.575
0.215
0.43
0.26
0.37
0.405
0.27
0.68
0.65
0.645
0.57
0.615
0.42
0.275
0.29
0.42
0.625
0.55
0.66
0.565
0.595
0.63
0.43
0.455
0.33
0.515
0.495
0.485
0.535
0.58
0.625
0.555
0.55
0.59
0.355
0.275
0.505
0.37
0.555
0.505
0.56
0.595
0.57
0.6
0.56
0.585
0.46
0.46
0.415
0.435
0.475
0.465
0.355
0.46
0.38
0.47
0.36
0.585
0.655
0.6
0.57
0.645
0.65
0.51
0.52
0.495
0.43
0.59
0.55
0.585
0.58
0.62
0.59
0.72
0.635
0.61
0.545
0.57
0.6
0.52
0.635
0.67
0.695
0.655
0.62
0.6
0.51
0.525
0.44
0.485
0.495
0.435
0.405
0.42
0.5
0.385
0.33
0.58
0.325
0.475
0.38
0.34
0.525
0.52
0.535
0.475
0.415
0.495
0.48
0.52
0.46
0.58
0.59
0.55
0.65
0.465
0.455
0.47
0.435
0.35
0.315
0.595
0.58
0.575
0.535
0.515
0.505
0.505
0.4
0.49
0.53
0.395
0.665
0.415
0.43
0.475
0.525
0.48
0.42
0.59
0.515
0.695
0.8
0.61
0.565
0.56
0.655
0.64
0.59
0.31
0.255
0.17
0.67
0.71
0.56
0.505
0.525
0.45
0.515
0.59
0.7
0.72
0.635
0.555
0.575
0.585
0.61
0.645
0.545
0.55
0.66
0.57
0.6
0.63
0.695
0.65
0.72
0.56
0.42
0.18
0.405
0.5
0.435
0.34
0.43
0.535
0.415
0.36
0.175
0.155
0.525
0.525
0.44
0.45
0.485
0.47
0.515
0.42
0.455
0.37
0.33
0.3
0.625
0.61
0.625
0.635
0.5
0.53
0.445
0.585
0.44
0.29
0.555
0.655
0.58
0.625
0.62
0.64
0.505
0.5
0.31
0.505
0.42
0.4
0.425
0.31
0.465
0.465
0.35
0.52
0.475
0.41
0.26
0.575
0.565
0.26
0.53
0.34
0.52
0.635
0.61
0.66
0.635
0.465
0.515
0.335
0.515
0.345
0.465
0.54
0.475
0.445
0.5
0.5
0.55
0.275
0.35
0.37
0.42
0.35
0.395
0.325
0.275
0.235
0.25
0.25
0.2
0.585
0.445
0.5
0.44
0.515
0.52
0.5
0.425
0.51
0.37
0.54
0.615
0.565
0.645
0.615
0.605
0.59
0.645
0.57
0.47
0.5
0.52
0.39
0.52
0.54
0.46
0.355
0.49
0.63
0.5
0.49
0.44
0.515
0.475
0.42
0.4
0.45
0.52
0.505
0.495
0.54
0.48
0.33
0.285
0.3
0.31
0.34
0.375
0.415
0.415
0.415
0.42
0.425
0.465
0.465
0.47
0.47
0.475
0.48
0.5
0.505
0.525
0.54
0.545
0.565
0.58
0.59
0.59
0.595
0.6
0.6
0.6
0.605
0.625
0.63
0.64
0.64
0.655
0.66
0.66
0.675
0.675
0.69
0.695
0.7
0.73
0.205
0.225
0.23
0.275
0.28
0.28
0.295
0.31
0.315
0.34
0.37
0.38
0.39
0.405
0.415
0.44
0.44
0.44
0.44
0.45
0.45
0.455
0.46
0.46
0.46
0.465
0.465
0.475
0.475
0.48
0.5
0.5
0.505
0.515
0.525
0.525
0.53
0.53
0.53
0.54
0.55
0.555
0.57
0.57
0.575
0.58
0.585
0.59
0.595
0.595
0.595
0.6
0.6
0.6
0.61
0.615
0.615
0.615
0.62
0.62
0.62
0.625
0.625
0.625
0.63
0.63
0.63
0.635
0.635
0.645
0.645
0.65
0.67
0.69
0.69
0.695
0.695
0.7
0.705
0.765
0.77
0.22
0.275
0.29
0.33
0.355
0.375
0.415
0.425
0.425
0.43
0.44
0.44
0.46
0.46
0.465
0.475
0.475
0.485
0.49
0.49
0.495
0.5
0.5
0.505
0.51
0.51
0.515
0.52
0.545
0.545
0.545
0.545
0.55
0.55
0.555
0.565
0.57
0.57
0.57
0.575
0.58
0.585
0.585
0.59
0.59
0.59
0.595
0.595
0.595
0.6
0.605
0.615
0.615
0.615
0.615
0.62
0.62
0.625
0.625
0.625
0.63
0.63
0.63
0.645
0.645
0.645
0.65
0.65
0.65
0.65
0.65
0.66
0.665
0.67
0.67
0.675
0.68
0.68
0.7
0.7
0.725
0.725
0.735
0.74
0.75
0.19
0.21
0.25
0.29
0.335
0.34
0.345
0.355
0.36
0.37
0.375
0.375
0.385
0.385
0.395
0.4
0.405
0.405
0.405
0.405
0.41
0.41
0.415
0.42
0.42
0.43
0.445
0.45
0.45
0.455
0.46
0.46
0.475
0.48
0.485
0.485
0.49
0.505
0.505
0.51
0.515
0.515
0.515
0.525
0.525
0.525
0.525
0.535
0.545
0.55
0.55
0.55
0.55
0.55
0.555
0.555
0.56
0.56
0.565
0.57
0.575
0.58
0.58
0.58
0.585
0.585
0.585
0.585
0.59
0.59
0.595
0.6
0.6
0.6
0.6
0.61
0.61
0.615
0.62
0.62
0.625
0.625
0.63
0.63
0.63
0.63
0.64
0.64
0.64
0.64
0.64
0.65
0.65
0.66
0.66
0.675
0.7
0.705
0.71
0.72
0.725
0.24
0.255
0.275
0.32
0.325
0.33
0.36
0.375
0.375
0.39
0.45
0.455
0.46
0.495
0.5
0.5
0.52
0.52
0.525
0.535
0.54
0.54
0.57
0.57
0.58
0.58
0.59
0.59
0.59
0.595
0.6
0.6
0.605
0.62
0.625
0.625
0.625
0.63
0.63
0.635
0.645
0.645
0.65
0.655
0.655
0.665
0.695
0.72
0.72
0.72
0.735
0.74
0.31
0.315
0.32
0.325
0.335
0.37
0.37
0.375
0.4
0.41
0.425
0.435
0.445
0.46
0.465
0.47
0.475
0.495
0.5
0.5
0.505
0.505
0.505
0.51
0.51
0.52
0.52
0.53
0.53
0.535
0.54
0.54
0.545
0.545
0.55
0.55
0.55
0.56
0.56
0.575
0.575
0.575
0.58
0.58
0.58
0.58
0.58
0.58
0.585
0.59
0.59
0.59
0.595
0.595
0.6
0.6
0.6
0.6
0.6
0.605
0.605
0.605
0.61
0.61
0.61
0.61
0.615
0.615
0.615
0.615
0.62
0.62
0.625
0.625
0.625
0.625
0.625
0.63
0.63
0.63
0.63
0.635
0.635
0.635
0.635
0.635
0.64
0.64
0.645
0.645
0.645
0.65
0.65
0.655
0.655
0.66
0.66
0.665
0.67
0.67
0.67
0.67
0.67
0.68
0.68
0.685
0.69
0.715
0.72
0.735
0.745
0.32
0.43
0.43
0.485
0.49
0.5
0.505
0.51
0.525
0.535
0.535
0.535
0.555
0.555
0.56
0.59
0.595
0.595
0.595
0.61
0.61
0.62
0.625
0.635
0.635
0.64
0.64
0.645
0.655
0.67
0.68
0.7
0.73
0.75
0.255
0.375
0.375
0.39
0.39
0.395
0.42
0.435
0.435
0.44
0.45
0.45
0.455
0.46
0.47
0.475
0.495
0.495
0.5
0.515
0.52
0.52
0.525
0.535
0.535
0.54
0.55
0.55
0.56
0.565
0.57
0.57
0.575
0.575
0.575
0.575
0.58
0.585
0.59
0.59
0.59
0.595
0.595
0.595
0.6
0.6
0.61
0.615
0.615
0.62
0.625
0.63
0.63
0.635
0.635
0.635
0.64
0.64
0.65
0.65
0.655
0.655
0.655
0.66
0.665
0.675
0.68
0.68
0.685
0.695
0.7
0.71
0.73
0.755
0.225
0.23
0.255
0.355
0.425
0.425
0.455
0.46
0.495
0.51
0.52
0.525
0.53
0.53
0.545
0.55
0.575
0.58
0.595
0.6
0.645
0.66
0.29
0.3
0.37
0.375
0.38
0.395
0.41
0.415
0.425
0.44
0.44
0.465
0.47
0.51
0.525
0.525
0.55
0.56
0.575
0.575
0.585
0.615
0.62
0.63
0.63
0.67
0.675
0.685
0.485
0.46
0.46
0.535
0.465
0.51
0.335
0.55
0.18
0.215
0.2
0.625
0.55
0.585
0.645
0.71
0.7
0.655
0.665
0.47
0.425
0.54
0.505
0.535
0.43
0.55
0.34
0.275
0.335
0.64
0.55
0.64
0.545
0.64
0.605
0.605
0.56
0.57
0.525
0.505
0.35
0.45
0.51
0.49
0.505
0.38
0.27
0.37
0.5
0.645
0.565
0.67
0.59
0.47
0.51
0.72
0.55
0.2
0.65
0.525
0.565
0.61
0.545
0.325
0.31
0.45
0.49
0.505
0.385
0.62
0.635
0.665
0.335
0.295
0.48
0.32
0.43
0.565
0.6
0.585
0.555
0.57
0.62
0.63
0.425
0.64
0.675
0.5
0.385
0.52
0.52
0.64
0.44
0.42
0.45
0.42
0.64
0.57
0.41
0.485
0.61
0.59
0.665
0.345
0.635
0.695
0.69
0.555
0.65
0.635
0.655
0.69
0.695
0.55
0.61
0.595
0.3
0.435
0.455
0.48
0.43
0.435
0.3
0.575
0.505
0.455
0.64
0.56
0.645
0.595
0.565
0.655
0.48
0.495
0.4
0.41
0.595
0.625
0.52
0.465
0.475
0.5
0.46
0.485
0.465
0.525
0.655
0.69
0.55
0.58
0.59
0.565
0.665
0.62
0.55
0.605
0.535
0.51
0.53
0.495
0.575
0.63
0.59
0.605
0.645
0.62
0.605
0.615
0.66
0.71
0.565
0.57
0.6
0.41
0.45
0.275
0.485
0.62
0.48
0.505
0.4
0.45
0.35
0.44
0.265
0.165
0.705
0.535
0.49
0.48
0.395
0.375
0.345
0.55
0.635
0.575
0.545
0.385
0.51
0.44
0.45
0.39
0.425
0.45
0.66
0.685
0.585
0.54
0.49
0.43
0.455
0.495
0.48
0.47
0.415
0.49
0.47
0.445
0.51
0.52
0.475
0.455
0.435
0.39
0.375
0.285
0.58
0.58
0.41
0.41
0.54
0.33
0.44
0.28
0.59
0.61
0.61
0.455
0.33
0.44
0.54
0.475
0.46
0.31
0.255
0.335
0.295
0.19
0.545
0.495
0.5
0.305
0.475
0.515
0.545
0.74
0.565
0.56
0.545
0.645
0.575
0.62
0.605
0.605
0.475
0.365
0.46
0.53
0.48
0.455
0.35
0.37
0.34
0.35
0.35
0.39
0.395
0.415
0.43
0.48
0.49
0.49
0.56
0.56
0.58
0.58
0.59
0.595
0.6
0.61
0.63
0.64
0.65
0.71
0.74
0.25
0.28
0.325
0.35
0.36
0.365
0.37
0.375
0.38
0.395
0.43
0.44
0.465
0.465
0.48
0.485
0.49
0.495
0.5
0.505
0.52
0.52
0.525
0.55
0.555
0.555
0.575
0.6
0.61
0.61
0.61
0.615
0.62
0.625
0.625
0.625
0.635
0.64
0.64
0.66
0.665
0.715
0.72
0.725
0.165
0.21
0.355
0.4
0.4
0.4
0.435
0.44
0.45
0.465
0.47
0.47
0.475
0.485
0.505
0.51
0.52
0.53
0.535
0.55
0.555
0.555
0.555
0.56
0.575
0.585
0.59
0.595
0.6
0.6
0.61
0.615
0.62
0.625
0.625
0.64
0.64
0.645
0.65
0.655
0.655
0.66
0.67
0.69
0.7
0.7
0.71
0.715
0.72
0.215
0.24
0.26
0.32
0.33
0.335
0.35
0.35
0.36
0.36
0.365
0.38
0.4
0.4
0.4
0.425
0.43
0.435
0.435
0.445
0.45
0.455
0.46
0.475
0.475
0.475
0.48
0.495
0.5
0.505
0.515
0.525
0.53
0.53
0.535
0.535
0.54
0.55
0.565
0.57
0.57
0.57
0.575
0.575
0.575
0.575
0.58
0.58
0.58
0.58
0.585
0.585
0.595
0.6
0.6
0.6
0.6
0.6
0.6
0.62
0.625
0.625
0.625
0.625
0.625
0.63
0.635
0.65
0.65
0.65
0.65
0.655
0.655
0.66
0.66
0.675
0.685
0.715
0.735
0.175
0.37
0.395
0.42
0.455
0.495
0.51
0.515
0.545
0.555
0.58
0.59
0.6
0.61
0.615
0.615
0.615
0.62
0.63
0.64
0.64
0.655
0.655
0.66
0.665
0.67
0.69
0.715
0.735
0.27
0.285
0.295
0.3
0.3
0.36
0.37
0.39
0.435
0.44
0.44
0.445
0.465
0.465
0.47
0.475
0.475
0.475
0.485
0.49
0.515
0.52
0.525
0.525
0.53
0.53
0.53
0.53
0.535
0.535
0.545
0.545
0.55
0.55
0.55
0.555
0.575
0.575
0.585
0.585
0.585
0.59
0.595
0.595
0.595
0.595
0.6
0.6
0.605
0.605
0.61
0.61
0.615
0.62
0.62
0.62
0.62
0.625
0.625
0.63
0.63
0.64
0.645
0.65
0.65
0.65
0.65
0.65
0.65
0.65
0.65
0.66
0.66
0.665
0.67
0.67
0.67
0.675
0.675
0.675
0.685
0.685
0.705
0.705
0.71
0.725
0.78
0.235
0.35
0.36
0.38
0.38
0.43
0.465
0.47
0.485
0.495
0.5
0.505
0.51
0.51
0.515
0.55
0.575
0.605
0.615
0.615
0.625
0.625
0.635
0.65
0.65
0.67
0.695
0.705
0.275
0.285
0.36
0.385
0.4
0.43
0.435
0.45
0.475
0.475
0.485
0.51
0.515
0.52
0.525
0.53
0.53
0.53
0.53
0.53
0.535
0.535
0.555
0.555
0.56
0.56
0.565
0.575
0.575
0.575
0.58
0.58
0.585
0.585
0.59
0.595
0.615
0.615
0.62
0.62
0.62
0.625
0.625
0.63
0.63
0.645
0.65
0.65
0.655
0.665
0.67
0.675
0.675
0.695
0.695
0.705
0.74
0.205
0.305
0.32
0.355
0.425
0.425
0.45
0.515
0.52
0.525
0.555
0.61
0.35
0.38
0.46
0.465
0.475
0.565
0.57
0.57
0.595
0.605
0.615
0.62
0.625
0.68
0.68
0.68
0.71
0.5
0.545
0.46
0.535
0.335
0.425
0.41
0.17
0.335
0.52
0.53
0.5
0.615
0.575
0.57
0.455
0.37
0.445
0.675
0.385
0.375
0.56
0.55
0.57
0.485
0.41
0.335
0.655
0.565
0.57
0.55
0.63
0.475
0.655
0.32
0.525
0.525
0.5
0.44
0.49
0.545
0.45
0.515
0.33
0.525
0.295
0.545
0.645
0.45
0.61
0.38
0.565
0.67
0.54
0.29
0.41
0.46
0.56
0.575
0.62
0.515
0.56
0.5
0.435
0.495
0.595
0.76
0.615
0.565
0.14
0.445
0.525
0.16
0.635
0.575
0.38
0.245
0.48
0.455
0.455
0.455
0.355
0.52
0.54
0.52
0.56
0.52
0.615
0.645
0.565
0.295
0.375
0.525
0.395
0.5
0.47
0.58
0.5
0.725
0.65
0.67
0.55
0.49
0.235
0.235
0.52
0.475
0.53
0.35
0.555
0.505
0.54
0.525
0.55
0.55
0.235
0.525
0.475
0.53
0.525
0.53
0.465
0.315
0.465
0.485
0.49
0.515
0.555
0.61
0.68
0.69
0.695
0.72
0.27
0.27
0.295
0.295
0.315
0.375
0.38
0.385
0.4
0.415
0.415
0.42
0.44
0.45
0.475
0.485
0.495
0.525
0.565
0.58
0.585
0.6
0.63
0.645
0.655
0.665
0.67
0.67
0.685
0.7
0.72
0.185
0.245
0.315
0.36
0.375
0.415
0.455
0.48
0.485
0.51
0.52
0.555
0.585
0.585
0.585
0.61
0.61
0.615
0.62
0.625
0.625
0.635
0.64
0.66
0.66
0.66
0.68
0.69
0.72
0.275
0.33
0.33
0.365
0.365
0.42
0.435
0.435
0.44
0.485
0.495
0.51
0.52
0.54
0.54
0.55
0.56
0.575
0.575
0.575
0.58
0.58
0.59
0.6
0.62
0.625
0.625
0.625
0.625
0.625
0.625
0.635
0.645
0.645
0.69
0.695
0.515
0.545
0.62
0.63
0.63
0.64
0.37
0.395
0.4
0.41
0.455
0.48
0.485
0.5
0.515
0.52
0.545
0.545
0.55
0.55
0.55
0.555
0.56
0.565
0.57
0.575
0.585
0.59
0.595
0.6
0.61
0.615
0.625
0.625
0.63
0.63
0.635
0.635
0.635
0.65
0.67
0.675
0.675
0.68
0.7
0.71
0.715
0.72
0.42
0.48
0.48
0.51
0.515
0.56
0.56
0.57
0.605
0.625
0.64
0.65
0.3
0.35
0.455
0.46
0.49
0.5
0.54
0.55
0.55
0.555
0.57
0.58
0.58
0.585
0.585
0.595
0.6
0.615
0.63
0.63
0.635
0.645
0.65
0.655
0.655
0.67
0.67
0.695
0.695
0.77
0.28
0.33
0.35
0.37
0.43
0.435
0.44
0.475
0.475
0.48
0.56
0.585
0.585
0.385
0.39
0.39
0.405
0.475
0.5
0.515
0.52
0.55
0.56
0.565
0.59
0.6
0.625
0.71