0.2245
0.0995
0.2565
0.2155
0.0895
0.141
0.237
0.294
0.2165
0.3145
0.194
0.1675
0.2175
0.2725
0.1675
0.258
0.095
0.188
0.097
0.1705
0.0955
0.08
0.4275
0.318
0.513
0.3825
0.3945
0.356
0.394
0.393
0.3935
0.6055
0.5515
0.815
0.633
0.227
0.5305
0.237
0.381
0.134
0.1865
0.362
0.0315
0.0255
0.0175
0.0875
0.293
0.1775
0.0755
0.3545
0.2385
0.1335
0.2595
0.2105
0.173
0.2565
0.192
0.2765
0.042
0.246
0.18
0.305
0.302
0.1705
0.234
0.234
0.354
0.416
0.2135
0.063
0.264
0.1405
0.48
0.474
0.481
0.4425
0.3625
0.363
0.282
0.4695
0.3845
0.5105
0.396
0.408
0.38
0.339
0.4825
0.3305
0.2205
0.3135
0.341
0.307
0.4015
0.507
0.588
0.5755
0.269
0.214
0.201
0.2775
0.105
0.328
0.316
0.3105
0.4975
0.291
0.2935
0.261
0.231
0.136
0.2375
0.172
0.1485
0.13
0.2975
0.233
0.2555
0.1305
0.3465
0.1145
0.163
0.103
0.304
0.09
0.081
0.0285
0.1075
0.112
0.63
0.7665
0.4835
0.175
0.085
0.086
0.04
0.1635
0.0675
0.094
0.151
0.096
0.341
0.295
0.519
0.34
0.2075
0.245
0.224
0.052
0.0105
0.013
0.4415
0.469
0.5065
0.37
0.387
0.32
0.392
0.546
0.374
0.2985
0.4215
0.53
0.544
0.65
0.5605
1.0705
0.765
0.625
0.8175
0.5125
0.7125
0.308
0.486
0.32
0.0185
0.0645
0.06
0.053
0.025
0.385
0.399
0.515
0.429
0.4355
0.621
0.5455
0.392
0.54
0.5265
0.365
0.4845
0.419
0.276
0.092
0.459
0.346
0.285
0.4445
0.432
0.3635
0.1655
0.254
0.234
0.2985
0.171
0.186
0.109
0.1495
0.2755
0.122
0.1995
0.0755
0.1595
0.241
0.2475
0.244
0.174
0.1265
0.1665
0.1305
0.1785
0.187
0.22
0.181
0.1285
0.1715
0.121
0.078
0.404
0.2935
0.336
0.31
0.496
0.0485
0.1815
0.0485
0.001
0.0045
0.0025
0.0075
0.3495
0.034
0.026
0.0435
0.063
0.0705
0.0635
0.0745
0.0675
0.082
0.0655
0.4205
0.5135
0.4485
0.485
0.3835
0.3805
0.341
0.605
0.4775
0.394
0.3675
0.319
0.0445
0.0465
0.3
0.3615
0.1225
0.2185
0.2035
0.4535
0.412
0.3875
0.56
0.4105
0.7425
0.493
0.532
0.55
0.2665
0.314
0.0915
0.177
0.2285
0.325
0.295
0.288
0.242
0.132
0.3155
0.3835
0.501
0.428
0.342
0.384
0.049
0.045
0.039
0.2215
0.0905
0.1455
0.322
0.1065
0.0885
0.182
0.0125
0.007
0.471
0.2505
0.3925
0.4635
0.443
0.4595
0.381
0.4335
0.194
0.576
0.1465
0.315
0.066
0.0425
0.0165
0.1065
0.039
0.0935
0.097
0.073
0.27
0.0865
0.0885
0.2135
0.134
0.0475
0.0335
0.598
0.5705
0.403
0.473
0.6045
0.406
0.581
0.4775
0.579
0.2325
0.3005
0.2795
0.2745
0.08
0.092
0.56
0.536
0.3325
0.4465
0.408
0.509
0.7415
0.6935
0.7035
0.9265
0.7495
0.48
0.392
0.61
0.4085
0.4985
0.4215
0.4405
0.479
0.458
0.68
0.6645
0.692
0.585
0.5095
0.4635
0.6845
0.4935
0.4995
0.3895
0.3705
0.3755
0.33
0.313
0.226
0.373
0.216
0.3515
0.207
0.239
0.222
0.1535
0.277
0.252
0.1075
0.0755
0.116
0.3165
0.2385
0.256
0.4355
0.27
0.295
0.178
0.3115
0.1655
0.3685
0.2125
0.39
0.4
0.3395
0.4565
0.41
0.4625
0.3475
0.528
0.3605
0.5595
0.488
0.367
0.223
0.518
0.2165
0.2465
0.036
0.037
0.425
0.3935
0.3995
0.344
0.3775
0.38
0.4375
0.342
0.2475
0.122
0.2815
0.084
0.0915
0.143
0.249
0.095
0.0785
0.275
0.134
0.159
0.283
0.329
0.354
0.4765
0.365
0.6975
0.592
0.581
0.405
0.57
0.3485
0.51
0.0695
0.123
0.293
0.115
0.3865
0.026
0.0215
0.0255
0.008
0.5425
0.567
0.5975
0.545
0.313
0.2895
0.151
0.2645
0.272
0.261
0.1565
0.4955
0.637
0.5305
0.7055
0.3605
0.3785
0.429
0.4235
0.381
0.378
0.5235
0.3485
0.44
0.475
0.357
0.5345
0.486
0.5875
0.3445
0.4245
0.435
0.427
0.3275
0.3665
0.378
0.378
0.4385
0.4385
0.4865
0.3325
0.3815
0.36
0.3005
0.439
0.221
0.249
0.061
0.031
0.0385
0.1115
0.033
0.06
0.078
0.0155
0.0845
0.0935
0.0145
0.0265
0.0095
0.0065
0.282
0.3965
0.0885
0.299
0.192
0.1845
0.1695
0.2095
0.1895
0.2
0.043
0.0335
0.093
0.242
0.1585
0.1
0.1565
0.099
0.0585
0.0315
0.017
0.3605
0.3695
0.495
0.4145
0.335
0.2075
0.287
0.2605
0.3075
0.4585
0.519
0.267
0.148
0.2705
0.1715
0.2795
0.2005
0.0705
0.245
0.1685
0.041
0.165
0.21
0.1975
0.382
0.3785
0.4145
0.5275
0.4005
0.4055
0.383
0.5015
0.5565
0.376
0.6615
0.216
0.1735
0.284
0.28
0.3095
0.164
0.138
0.2865
0.111
0.3585
0.526
0.2575
0.3015
0.2565
0.3385
0.369
0.305
0.398
0.1225
0.1075
0.2005
0.2
0.16
0.078
0.181
0.0675
0.0575
0.15
0.01
0.0475
0.185
0.2085
0.128
0.1525
0.0655
0.0455
0.018
0.06
0.2175
0.2945
0.1795
0.214
0.2655
0.1205
0.1255
0.3845
0.077
0.223
0.1555
0.1895
0.198
0.066
0.05
0.1055
0.081
0.1965
0.219
0.0795
0.4675
0.358
0.0735
0.1605
0.12
0.045
0.216
0.193
0.1695
0.034
0.0595
0.1845
0.054
0.0945
0.05
0.336
0.4305
0.5305
0.4145
0.597
0.3055
0.146
0.1045
0.1145
0.078
0.1815
0.2155
0.2775
0.1765
0.235
0.2405
0.24
0.225
0.241
0.158
0.2635
0.185
0.25
0.093
0.0885
0.204
0.154
0.3175
0.2455
0.344
0.3345
0.26
0.279
0.366
0.2535
0.0345
0.1475
0.1175
0.0065
0.043
0.005
0.0545
0.155
0.1185
0.1215
0.1895
0.18
0.1205
0.191
0.1535
0.0615
0.0775
0.0895
0.0405
0.0595
0.104
0.045
0.069
0.08
0.0475
0.036
0.036
0.0095
0.0045
0.0065
0.3925
0.416
0.3865
0.191
0.161
0.108
0.2185
0.2735
0.261
0.2405
0.374
0.298
0.227
0.2825
0.262
0.2385
0.2415
0.2855
0.143
0.32
0.078
0.2785
0.2795
0.275
0.34
0.673
0.2485
0.301
0.578
0.187
0.215
0.347
0.369
0.5295
0.69
0.367
0.469
0.4775
0.348
0.435
0.313
0.2385
0.6215
0.403
0.3365
0.3825
0.0665
0.289
0.3485
0.3155
0.2
0.0975
0.1675
0.245
0.189
0.236
0.2305
0.2015
0.1725
0.3505
0.246
0.292
0.102
0.021
0.3295
0.1975
0.211
0.2475
0.309
0.3145
0.1925
0.1915
0.3275
0.315
0.215
0.2805
0.157
0.255
0.125
0.1655
0.119
0.152
0.094
0.2875
0.1235
0.041
0.2125
0.153
0.2855
0.2665
0.165
0.027
0.0365
0.071
0.0765
0.0735
0.075
0.0655
0.1185
0.108
0.097
0.086
0.143
0.1215
0.138
0.127
0.13
0.208
0.175
0.156
0.1185
0.2435
0.2745
0.1795
0.245
0.266
0.229
0.2945
0.2175
0.3065
0.3355
0.27
0.3415
0.3375
0.4815
0.369
0.429
0.4035
0.407
0.362
0.4985
0.4735
0.3895
0.349
0.442
0.4545
0.455
0.498
0.5225
0.547
0.5175
0.549
0.653
0.606
0.609
0.421
0.5585
0.629
0.545
0.5315
0.6285
0.6355
0.465
0.5895
0.4525
0.619
0.6495
0.668
0.7595
0.675
0.586
0.959
0.5905
0.755
0.5445
0.784
0.628
0.861
0.833
0.8455
1.1465
0.0165
0.025
0.031
0.0295
0.031
0.0345
0.0455
0.065
0.05
0.056
0.062
0.0585
0.053
0.07
0.0825
0.0775
0.0705
0.0945
0.0665
0.104
0.111
0.1045
0.1505
0.084
0.124
0.155
0.157
0.1635
0.17
0.169
0.157
0.164
0.1645
0.1575
0.217
0.1815
0.1825
0.209
0.148
0.2025
0.1695
0.191
0.197
0.2355
0.2335
0.225
0.2355
0.2325
0.196
0.2315
0.261
0.1755
0.23
0.327
0.29
0.222
0.3245
0.3205
0.2925
0.194
0.312
0.1995
0.32
0.3035
0.272
0.3145
0.2835
0.3195
0.336
0.3165
0.362
0.289
0.25
0.3935
0.238
0.3655
0.347
0.3865
0.367
0.3695
0.3475
0.334
0.325
0.328
0.2715
0.3935
0.2855
0.3735
0.544
0.368
0.4525
0.3075
0.5625
0.513
0.54
0.5265
0.4075
0.4955
0.538
0.5575
0.4095
0.4985
0.5585
0.586
0.5245
0.479
0.5155
0.4515
0.5865
0.621
0.4655
0.518
0.5265
0.572
0.6025
0.565
0.554
0.585
0.594
0.6235
0.5705
0.4755
0.573
0.5845
0.637
0.599
0.5185
0.623
0.684
0.705
0.693
0.4935
0.6145
0.779
0.709
0.684
0.633
0.5475
0.515
0.57
0.6665
0.6645
0.6895
0.8515
0.69
0.6425
0.594
0.641
0.682
0.739
0.7645
0.7245
0.8255
0.893
0.8035
0.693
1.012
0.7645
0.6655
1.1335
1.007
0.012
0.018
0.0135
0.0155
0.027
0.03
0.0245
0.0365
0.054
0.0415
0.0405
0.055
0.065
0.0675
0.09
0.1165
0.1125
0.1165
0.122
0.194
0.172
0.1255
0.132
0.1255
0.174
0.1255
0.162
0.1985
0.2055
0.222
0.1545
0.1675
0.1945
0.1985
0.2135
0.241
0.1865
0.1945
0.16
0.18
0.27
0.211
0.206
0.2165
0.3395
0.235
0.248
0.215
0.2485
0.2485
0.246
0.3465
0.261
0.2615
0.215
0.3175
0.3525
0.2295
0.288
0.523
0.325
0.2625
0.3755
0.297
0.279
0.2595
0.3125
0.4225
0.434
0.4615
0.427
0.395
0.411
0.464
0.42
0.336
0.43
0.4565
0.5795
0.447
0.5415
0.412
0.3425
0.466
0.556
0.401
0.435
0.4245
0.3155
0.549
0.415
0.4765
0.945
0.3775
0.486
0.547
0.385
0.478
0.4595
0.481
0.485
0.696
0.5455
0.512
0.611
0.555
0.582
0.433
0.5315
0.783
0.498
0.4815
0.4615
0.447
0.5315
0.4285
0.5635
0.7335
0.587
0.589
0.5635
0.5115
0.632
0.6465
0.528
0.6415
0.565
0.553
0.5885
0.546
0.629
0.6035
0.6075
0.664
0.699
0.624
0.7355
0.7945
0.885
0.895
1.095
0.8545
0.6395
0.735
1.0465
0.889
1.0265
0.9035
0.691
1.026
0.931
0.952
0.896
1.109
1.1965
0.8295
1.488
0.196
0.034
0.0295
0.039
0.0545
0.044
0.435
0.0545
0.046
0.0565
0.102
0.077
0.096
0.0775
0.0925
0.105
0.1
0.0855
0.0875
0.081
0.0825
0.0945
0.089
0.1095
0.096
0.118
0.093
0.11
0.0825
0.0945
0.11
0.0865
0.111
0.097
0.152
0.1025
0.1665
0.1135
0.115
0.1445
0.1205
0.1265
0.157
0.168
0.173
0.126
0.1385
0.2065
0.175
0.1615
0.2115
0.208
0.164
0.184
0.358
0.2225
0.1575
0.206
0.1425
0.175
0.2055
0.167
0.2535
0.1785
0.211
0.244
0.2065
0.2205
0.214
0.2185
0.224
0.2945
0.302
0.239
0.2585
0.259
0.2925
0.3015
0.2595
0.248
0.3265
0.337
0.32
0.233
0.3005
0.369
0.428
0.3905
0.4725
0.2525
0.419
0.2895
0.3595
0.335
0.3475
0.4315
0.3205
0.372
0.3535
0.302
0.27
0.3745
0.2965
0.413
0.3285
0.3325
0.407
0.3135
0.341
0.3485
0.3715
0.3095
0.5565
0.547
0.414
0.4215
0.3635
0.352
0.2825
0.3815
0.397
0.382
0.347
0.383
0.461
0.511
0.4415
0.6715
0.405
0.4
0.4555
0.522
0.48
0.5825
0.8
0.5315
0.336
0.328
0.5985
0.388
0.4115
0.4645
0.508
0.451
0.565
0.4755
0.419
0.4455
0.6315
0.419
0.432
0.463
0.5405
0.407
0.6345
0.435
0.4495
0.4565
0.494
0.4475
0.4465
0.4845
0.4905
0.4795
0.446
0.484
0.5715
0.5765
0.596
0.463
0.4955
0.5475
0.5715
0.5865
0.5945
0.6025
0.5065
0.5165
0.497
0.534
0.705
0.707
0.5205
0.405
0.644
0.4865
0.556
0.6165
0.7455
0.4785
0.77
0.6865
0.7155
0.7245
0.564
0.7305
0.6
0.6395
0.724
0.615
0.6345
0.63
0.4375
0.876
0.8145
0.7465
0.6725
1.1075
1.0465
0.96
0.743
0.913
0.9515
0.697
0.6785
0.949
1.1565
1.232
0.8905
0.0055
0.019
0.105
0.0785
0.1325
0.187
0.1225
0.143
0.188
0.1185
0.1785
0.112
0.1455
0.141
0.2015
0.2015
0.2385
0.164
0.2435
0.213
0.2165
0.274
0.1975
0.229
0.19
0.126
0.347
0.2175
0.281
0.2795
0.2075
0.2945
0.2485
0.2655
0.239
0.361
0.2695
0.497
0.25
0.254
0.3685
0.346
0.398
0.3565
0.375
0.343
0.453
0.4755
0.504
0.595
0.4005
0.65
0.475
0.4095
0.387
0.613
0.453
0.452
0.4365
0.6405
0.4535
0.417
0.6
0.5125
0.353
0.462
0.477
0.4815
0.691
0.451
0.52
0.467
0.481
0.6605
0.6805
0.505
0.544
0.6635
0.7035
0.6405
0.55
0.59
0.677
0.702
0.475
0.695
0.8885
0.589
0.5945
0.833
0.651
0.616
0.7665
0.8415
0.9165
0.7535
0.73
0.797
1.017
1.351
0.9115
0.942
0.019
0.0415
0.047
0.05
0.063
0.079
0.09
0.079
0.0715
0.073
0.0985
0.083
0.0935
0.097
0.0935
0.0895
0.108
0.1
0.119
0.1525
0.1065
0.1275
0.095
0.129
0.141
0.139
0.135
0.131
0.129
0.1595
0.1385
0.181
0.2085
0.176
0.2015
0.188
0.1825
0.21
0.2825
0.1965
0.205
0.179
0.251
0.221
0.2935
0.204
0.3035
0.2075
0.2505
0.261
0.2455
0.2375
0.281
0.3005
0.1815
0.213
0.32
0.238
0.2965
0.2355
0.3525
0.3115
0.261
0.305
0.282
0.2555
0.245
0.1935
0.3745
0.2835
0.3725
0.32
0.3935
0.419
0.2505
0.2955
0.3475
0.3285
0.2375
0.358
0.327
0.269
0.3995
0.373
0.339
0.222
0.3945
0.3845
0.3685
0.349
0.3265
0.31
0.435
0.3595
0.4245
0.3345
0.3385
0.4
0.354
0.3705
0.306
0.3765
0.364
0.509
0.3275
0.3745
0.417
0.3475
0.3615
0.4605
0.4005
0.483
0.428
0.469
0.365
0.303
0.4305
0.559
0.428
0.419
0.4175
0.3965
0.463
0.377
0.427
0.575
0.4135
0.38
0.4495
0.504
0.5625
0.468
0.3835
0.379
0.4735
0.393
0.7285
0.4565
0.4835
0.6025
0.449
0.3835
0.436
0.5225
0.5735
0.473
0.6035
0.4935
0.6685
0.535
0.4995
0.446
0.582
0.3595
0.358
0.6285
0.464
0.4895
0.5005
0.4645
0.643
0.6765
0.438
0.4615
0.514
0.5255
0.6565
0.605
0.715
0.611
0.5805
0.5385
0.5215
0.5475
0.763
0.519
0.5645
0.741
0.605
0.5885
0.6665
0.5815
0.554
0.573
0.5695
0.6925
0.615
0.59
0.665
0.6385
0.586
0.4795
0.5935
0.688
0.667
0.711
0.6505
0.7685
0.6635
0.6145
0.631
0.606
0.6075
0.6255
0.711
0.5235
0.858
0.74
0.572
0.6045
0.592
0.714
0.7185
0.7775
0.687
0.8445
0.6805
0.6435
0.9895
0.9925
0.802
0.9215
0.919
1.1455
0.631
1.03
0.799
0.7275
0.9655
0.7735
1.083
1.1155
1.3485
0.096
0.166
0.272
0.3035
0.259
0.199
0.229
0.4005
0.207
0.362
0.295
0.195
0.419
0.3085
0.3485
0.494
0.4185
0.472
0.438
0.303
0.3495
0.3765
0.4955
0.4235
0.567
0.5425
0.543
0.6325
0.4805
0.5075
0.403
0.6535
0.3945
0.3975
0.6195
0.4975
0.5575
0.575
0.5195
0.5045
0.511
0.5815
0.5275
0.445
0.533
0.4895
0.672
0.777
0.5715
0.713
0.6325
0.5595
0.6775
0.7175
0.805
0.7625
0.6075
1.0715
0.691
0.9285
0.0105
0.0235
0.0565
0.0815
0.09
0.0815
0.098
0.095
0.1185
0.103
0.114
0.1405
0.1245
0.114
0.1125
0.1675
0.1395
0.135
0.1515
0.156
0.13
0.1525
0.1635
0.196
0.203
0.2505
0.2465
0.1885
0.2065
0.205
0.181
0.28
0.2245
0.334
0.347
0.285
0.2555
0.253
0.2165
0.308
0.2445
0.3285
0.2555
0.2805
0.3045
0.248
0.298
0.321
0.247
0.2715
0.53
0.3675
0.2705
0.2525
0.305
0.2615
0.295
0.3375
0.341
0.2345
0.332
0.304
0.382
0.3455
0.3135
0.302
0.421
0.3975
0.415
0.3755
0.454
0.3585
0.3805
0.4275
0.382
0.318
0.495
0.432
0.4685
0.3795
0.4735
0.45
0.3375
0.3485
0.3665
0.4035
0.37
0.518
0.3525
0.3365
0.4315
0.4655
0.456
0.386
0.466
0.482
0.334
0.479
0.4375
0.478
0.4255
0.566
0.4435
0.4975
0.5815
0.564
0.44
0.4605
0.372
0.579
0.587
0.425
0.487
0.5725
0.52
0.46
0.4845
0.475
0.63
0.5635
0.5065
0.594
0.5435
0.6535
0.5055
0.4765
0.508
0.4945
0.488
0.477
0.6735
0.7815
0.6525
0.616
0.5495
0.483
0.531
0.6195
0.5855
0.53
0.5925
0.5055
0.4625
0.5115
0.6715
0.643
0.556
0.6295
0.7165
0.671
0.6615
0.6655
0.6645
0.605
0.6565
0.675
0.929
0.732
1.0815
0.744
0.83
0.801
0.0125
0.0075
0.017
0.053
0.036
0.031
0.048
0.056
0.0375
0.0585
0.0875
0.0695
0.0725
0.0715
0.1425
0.1065
0.0905
0.105
0.109
0.158
0.128
0.1385
0.1865
0.1675
0.159
0.2575
0.2125
0.2395
0.167
0.268
0.3315
0.288
0.21
0.2875
0.288
0.3435
0.325
0.2635
0.356
0.381
0.342
0.4345
0.3875
0.513
0.5165
0.37
0.4295
0.465
0.5255
0.7345
0.04
0.0475
0.072
0.051
0.072
0.0565
0.1305
0.14
0.173
0.138
0.165
0.1895
0.162
0.152
0.2075
0.332
0.2435
0.235
0.2665
0.2005
0.3165
0.2735
0.25
0.271
0.361
0.277
0.3135
0.246
0.355
0.3125
0.3265
0.368
0.3945
0.4455
0.2925
0.393
0.418
0.3485
0.4145
0.4335
0.492
0.438
0.5575
0.493
0.603
0.6165
0.818
0.813
0.73
0.747
0.6835
0.9155
0.8565
0.6555
0.735
0.3045
0.2995
0.243
0.114
0.1545
0.273
0.134
0.1885
0.1475
0.1025
0.2655
0.124
0.1175
0.2175
0.434
0.416
0.562
0.7535
0.5185
0.076
0.2165
0.3265
0.0855
0.005
0.0125
0.0675
0.1405
0.2705
0.201
0.1365
0.177
0.192
0.113
0.147
0.1685
0.2395
0.106
0.4375
0.359
0.462
0.08
0.2945
0.2
0.143
0.3055
0.361
0.391
0.405
0.5825
0.222
0.076
0.1685
0.2025
0.1575
0.1405
0.2015
0.186
0.1305
0.0465
0.1805
0.8435
0.1335
0.0545
0.368
0.473
0.4915
0.643
0.3025
0.61
0.732
0.7245
0.785
0.377
0.1395
0.414
0.115
0.104
0.066
0.0055
0.055
0.0155
0.0115
0.3245
0.4805
0.342
0.414
0.3
0.358
0.462
0.358
0.3355
0.317
0.2345
0.064
0.193
0.295
0.2
0.222
0.243
0.3215
0.5265
0.419
0.0205
0.1355
0.037
0.0905
0.1565
0.0265
0.525
0.5195
0.4265
0.3445
0.5305
0.175
0.0565
0.0515
0.175
0.5115
0.3245
0.4865
0.387
0.5065
0.5635
0.165
0.1965
0.0765
0.276
0.3285
0.2385
0.3395
0.401
0.4505
0.296
0.297
0.356
0.0815
0.0305
0.267
0.0805
0.2735
0.2675
0.3575
0.419
0.3305
0.4125
0.422
0.3905
0.225
0.2105
0.068
0.152
0.1735
0.2105
0.0935
0.192
0.12
0.2295
0.083
0.345
0.654
0.4995
0.4125
0.639
0.8005
0.216
0.2505
0.264
0.166
0.506
0.3155
0.3625
0.312
0.581
0.2745
0.8955
0.5735
0.391
0.3465
0.3725
0.511
0.3735
0.6535
0.519
0.751
0.487
0.403
0.4345
0.3725
0.3305
0.226
0.25
0.3125
0.221
0.1605
0.1635
0.3235
0.1365
0.068
0.4305
0.08
0.2525
0.1545
0.076
0.3335
0.3325
0.322
0.2825
0.167
0.2755
0.277
0.385
0.2505
0.399
0.422
0.302
0.485
0.2225
0.2
0.2145
0.143
0.1365
0.0545
0.4035
0.391
0.293
0.3415
0.2505
0.251
0.2695
0.1145
0.213
0.3275
0.111
0.5775
0.12
0.0925
0.2465
0.3345
0.2315
0.1515
0.327
0.2815
0.566
0.933
0.425
0.3885
0.4015
0.6275
0.566
0.355
0.0605
0.028
0.009
0.472
0.638
0.313
0.3035
0.376
0.2035
0.2765
0.3815
0.548
0.637
0.4825
0.3805
0.4515
0.391
0.535
0.601
0.2985
0.343
0.5005
0.4635
0.392
0.4595
0.8665
0.487
0.8045
0.3545
0.1625
0.0085
0.145
0.253
0.1555
0.0725
0.154
0.2745
0.1405
0.096
0.011
0.009
0.3225
0.2265
0.165
0.1905
0.2595
0.2315
0.2495
0.165
0.1585
0.11
0.085
0.057
0.55
0.4435
0.404
0.5805
0.3795
0.35
0.163
0.3
0.159
0.0535
0.309
0.5265
0.3515
0.572
0.4805
0.371
0.2635
0.2165
0.0525
0.2935
0.094
0.1135
0.1135
0.0415
0.1945
0.192
0.1
0.2105
0.1905
0.1255
0.044
0.358
0.2715
0.0445
0.289
0.081
0.1775
0.529
0.4255
0.54
0.5485
0.208
0.2515
0.062
0.258
0.071
0.2025
0.339
0.186
0.1785
0.2125
0.2295
0.2875
0.036
0.0745
0.1125
0.186
0.0725
0.0975
0.0395
0.0385
0.023
0.028
0.027
0.0125
0.3975
0.2025
0.2625
0.144
0.312
0.276
0.275
0.142
0.3025
0.093
0.272
0.474
0.393
0.6745
0.5135
0.517
0.38
0.5915
0.377
0.1525
0.2025
0.207
0.11
0.2745
0.275
0.1955
0.077
0.21
0.5115
0.246
0.242
0.163
0.1905
0.167
0.115
0.096
0.174
0.215
0.2715
0.2015
0.2815
0.219
0.0625
0.044
0.052
0.118
0.0745
0.059
0.2285
0.1405
0.175
0.1745
0.159
0.21
0.259
0.25
0.2765
0.2505
0.3445
0.37
0.267
0.4625
0.392
0.387
0.4475
0.48
0.5
0.5685
0.482
0.5885
0.6235
0.587
0.5395
0.6675
0.5785
0.7225
0.593
0.6555
0.6725
0.733
0.713
0.694
0.8715
0.75
0.707
1.0685
0.02
0.024
0.0215
0.0345
0.0415
0.066
0.0515
0.065
0.058
0.0625
0.108
0.115
0.1155
0.1575
0.1445
0.175
0.269
0.185
0.231
0.2235
0.2005
0.1945
0.2025
0.198
0.1895
0.23
0.231
0.311
0.201
0.243
0.274
0.218
0.239
0.285
0.394
0.4035
0.41
0.3095
0.4055
0.33
0.5475
0.44
0.504
0.3905
0.429
0.41
0.405
0.4695
0.542
0.491
0.412
0.3985
0.6025
0.5335
0.564
0.5005
0.6
0.5085
0.5415
0.545
0.6865
0.671
0.477
0.4485
0.659
0.5455
0.604
0.617
0.556
0.5355
0.6735
0.741
0.8115
0.7855
0.7725
0.767
0.696
0.7295
0.9915
1.128
1.0515
0.0215
0.495
0.0415
0.0745
0.0955
0.0925
0.1765
0.1315
0.1625
0.1635
0.209
0.173
0.1525
0.2645
0.2085
0.2025
0.233
0.266
0.279
0.2935
0.233
0.294
0.273
0.377
0.2465
0.3095
0.265
0.2985
0.4355
0.3745
0.403
0.368
0.294
0.434
0.2835
0.3495
0.4015
0.546
0.3875
0.4235
0.41
0.467
0.3085
0.413
0.496
0.445
0.5415
0.4915
0.4215
1.005
0.4505
0.543
0.707
0.5885
0.4635
0.505
0.4965
0.7105
0.484
0.4645
0.6325
0.6575
0.537
0.506
0.6055
0.5775
0.5235
0.615
0.6095
0.7215
0.545
0.694
0.5985
0.576
0.926
0.7105
0.724
0.7635
0.8745
0.693
0.83
0.8735
0.9095
0.8915
1.0615
0.0125
0.0135
0.0275
0.0425
0.0675
0.1005
0.075
0.078
0.074
0.096
0.14
0.095
0.1705
0.1215
0.149
0.176
0.0965
0.416
0.1145
0.138
0.124
0.1325
0.169
0.1295
0.1855
0.159
0.182
0.2235
0.1615
0.261
0.252
0.187
0.279
0.2535
0.2215
0.1895
0.252
0.245
0.2645
0.3985
0.2015
0.3065
0.2415
0.2355
0.329
0.345
0.3045
0.3285
0.366
0.3025
0.4325
0.495
0.257
0.481
0.262
0.551
0.402
0.329
0.332
0.5265
0.4115
0.5405
0.47
0.3645
0.339
0.4025
0.2895
0.411
0.4545
0.4625
0.4925
0.457
0.5055
0.4325
0.6095
0.6895
0.389
0.4935
0.6005
0.5325
0.5445
0.5175
0.555
0.452
0.539
0.4935
0.5565
0.5195
0.5395
0.49
0.515
0.6185
0.6485
0.6255
0.6525
0.8365
0.7885
0.8265
0.706
1.1055
1.253
0.0205
0.0285
0.038
0.098
0.072
0.0945
0.12
0.085
0.119
0.117
0.1575
0.213
0.2365
0.3075
0.309
0.2235
0.4515
0.424
0.4325
0.402
0.38
0.3875
0.3695
0.416
0.49
0.484
0.6245
0.465
0.4535
0.4255
0.5105
0.539
0.59
0.535
0.656
0.5785
0.591
0.575
0.623
0.526
0.4935
0.5015
0.8875
0.524
0.8485
0.831
0.768
0.8465
0.637
0.723
1.1705
1.1495
0.0505
0.051
0.088
0.075
0.0875
0.0805
0.07
0.0855
0.151
0.1
0.15
0.109
0.1555
0.161
0.165
0.264
0.211
0.2855
0.2115
0.249
0.245
0.2255
0.25
0.231
0.239
0.2935
0.456
0.292
0.352
0.417
0.3675
0.2755
0.358
0.3525
0.34
0.2695
0.347
0.3355
0.354
0.455
0.495
0.498
0.371
0.5205
0.4615
0.393
0.4315
0.363
0.3795
0.485
0.334
0.4675
0.492
0.57
0.445
0.4575
0.617
0.4375
0.465
0.4365
0.457
0.425
0.507
0.469
0.516
0.5865
0.559
0.545
0.382
0.5415
0.455
0.5935
0.531
0.667
0.5725
0.437
0.456
0.5505
0.618
0.548
0.4915
0.634
0.6
0.4785
0.593
0.5385
0.59
0.625
0.5935
0.526
0.6115
0.693
0.753
0.6215
0.7255
0.4975
0.7765
0.675
0.5355
0.5755
0.715
0.6595
0.739
0.618
0.657
0.667
0.9815
0.938
0.9955
0.909
0.954
0.14
0.212
0.254
0.4235
0.465
0.306
0.391
0.508
0.4065
0.618
0.368
0.548
0.6115
0.4625
0.509
0.4775
0.5305
0.4525
0.653
0.409
0.597
0.5475
0.5265
0.532
0.634
0.456
0.678
0.592
0.6205
0.6605
0.8345
0.75
1.2395
0.821
0.0305
0.09
0.106
0.1105
0.0845
0.1155
0.115
0.156
0.136
0.1755
0.14
0.171
0.138
0.1485
0.2265
0.182
0.177
0.241
0.226
0.237
0.2775
0.3155
0.3015
0.273
0.3125
0.293
0.3015
0.3045
0.3885
0.3305
0.4005
0.385
0.4505
0.2895
0.325
0.45
0.425
0.4925
0.4525
0.453
0.326
0.382
0.4095
0.4005
0.3425
0.3695
0.469
0.422
0.4915
0.371
0.4875
0.492
0.495
0.577
0.4775
0.4405
0.5525
0.559
0.695
0.6345
0.6955
0.5455
0.587
0.7765
0.5325
0.557
0.615
0.58
0.686
0.667
0.647
0.566
0.5415
1.0135
0.019
0.026
0.039
0.3045
0.139
0.1235
0.2
0.207
0.197
0.244
0.302
0.2655
0.3355
0.249
0.3685
0.2635
0.4355
0.446
0.43
0.5145
0.5985
0.6065
0.053
0.059
0.1505
0.0975
0.088
0.1265
0.1605
0.1215
0.1815
0.1725
0.2965
0.436
0.1635
0.3295
0.318
0.3115
0.4895
0.44
0.354
0.362
0.581
0.435
0.5105
0.536
0.4625
0.526
0.74
0.7385
0.2215
0.2165
0.1885
0.312
0.188
0.259
0.078
0.2885
0.0145
0.0265
0.021
0.6075
0.336
0.4315
0.5345
0.6755
0.6675
0.5835
0.595
0.232
0.1755
0.2375
0.29
0.279
0.1575
0.3415
0.097
0.0565
0.076
0.4445
0.33
0.4365
0.29
0.627
0.503
0.3925
0.3595
0.3245
0.316
0.239
0.0995
0.147
0.229
0.229
0.291
0.106
0.045
0.1165
0.2245
0.4335
0.404
0.6995
0.3645
0.237
0.282
0.8835
0.412
0.011
0.5665
0.3105
0.354
0.426
0.2585
0.0605
0.056
0.1865
0.2395
0.271
0.1115
0.5095
0.501
0.456
0.0795
0.037
0.2105
0.057
0.1375
0.3785
0.4535
0.3745
0.33
0.452
0.531
0.4125
0.149
0.4435
0.483
0.216
0.109
0.2985
0.258
0.44
0.1425
0.1645
0.231
0.1575
0.4835
0.387
0.158
0.2405
0.5215
0.4525
0.596
0.0865
0.428
0.6375
0.6935
0.377
0.6265
0.5825
0.396
0.7785
0.694
0.342
0.464
0.402
0.0725
0.197
0.233
0.3
0.1705
0.194
0.0605
0.375
0.3185
0.2155
0.6145
0.3345
0.58
0.5035
0.398
0.5405
0.2
0.3005
0.2105
0.1415
0.402
0.3195
0.297
0.169
0.192
0.265
0.215
0.2
0.213
0.26
0.493
0.533
0.317
0.414
0.371
0.348
0.6965
0.4985
0.305
0.4695
0.275
0.262
0.2845
0.2615
0.5525
0.4905
0.3345
0.437
0.524
0.477
0.4325
0.4445
0.6525
0.6465
0.302
0.3235
0.383
0.097
0.1805
0.037
0.21
0.483
0.1915
0.243
0.138
0.184
0.0745
0.171
0.034
0.0095
0.4715
0.302
0.198
0.2475
0.1435
0.1165
0.0615
0.2985
0.6255
0.3775
0.2905
0.146
0.312
0.1735
0.191
0.0955
0.1465
0.185
0.6025
0.5415
0.3465
0.4285
0.215
0.1315
0.166
0.175
0.232
0.1615
0.1215
0.3265
0.1665
0.1365
0.224
0.3535
0.171
0.206
0.1685
0.1385
0.105
0.0415
0.3935
0.4005
0.121
0.124
0.307
0.0655
0.134
0.035
0.3685
0.4215
0.41
0.169
0.0615
0.17
0.3225
0.237
0.2085
0.048
0.028
0.0615
0.038
0.009
0.3245
0.2605
0.3055
0.0585
0.194
0.341
0.3035
0.734
0.377
0.5035
0.353
0.5835
0.368
0.412
0.357
0.5495
0.1955
0.0855
0.19
0.28
0.2145
0.1685
0.066
0.0815
0.0785
0.082
0.081
0.147
0.131
0.167
0.192
0.25
0.3325
0.249
0.432
0.472
0.491
0.4945
0.539
0.444
0.5195
0.497
0.536
0.567
0.6565
0.882
1.1455
0.0345
0.0425
0.065
0.073
0.097
0.0915
0.1255
0.1045
0.0945
0.134
0.188
0.21
0.234
0.1955
0.349
0.219
0.256
0.2545
0.3015
0.2555
0.2885
0.4035
0.3205
0.3645
0.43
0.4445
0.4985
0.502
0.598
0.53
0.4925
0.6715
0.5235
0.4495
0.525
0.5855
0.583
0.4915
0.642
0.5815
0.7295
0.8655
0.718
0.8045
0.0075
0.02
0.122
0.116
0.104
0.1375
0.2025
0.197
0.21
0.242
0.156
0.167
0.35
0.38
0.509
0.3065
0.2375
0.2905
0.348
0.4645
0.4165
0.4155
0.4055
0.3695
0.3945
0.4845
0.38
0.491
0.4475
0.5045
0.5315
0.4695
0.592
0.4715
0.605
0.554
0.4865
0.667
0.7115
0.7185
0.7285
0.556
0.8005
0.6425
0.7755
0.8605
0.8985
0.871
0.7925
0.015
0.0295
0.0415
0.0615
0.079
0.097
0.072
0.0775
0.0785
0.096
0.108
0.1005
0.1545
0.151
0.1245
0.1695
0.119
0.2075
0.1775
0.1415
0.253
0.195
0.1795
0.2155
0.196
0.2375
0.2385
0.28
0.229
0.2575
0.3055
0.2875
0.2945
0.296
0.3165
0.268
0.31
0.412
0.5305
0.6355
0.3535
0.4315
0.349
0.4555
0.3605
0.3605
0.4135
0.3915
0.444
0.54
0.4035
0.486
0.3425
0.4995
0.4225
0.441
0.522
0.4905
0.3545
0.4835
0.5795
0.605
0.564
0.517
0.631
0.4265
0.657
0.75
0.658
0.689
0.58
0.686
0.583
0.6485
0.749
0.6025
0.647
0.708
1.2395
0.0095
0.1135
0.1385
0.1245
0.2385
0.31
0.2865
0.341
0.409
0.4585
0.3935
0.4635
0.423
0.7045
0.4375
0.7315
0.5795
0.4915
0.6355
0.4955
0.565
0.583
0.6035
0.7395
0.643
0.573
0.678
0.95
0.87
0.03
0.0425
0.0585
0.057
0.052
0.0725
0.1015
0.135
0.1335
0.123
0.1495
0.169
0.1515
0.2375
0.1525
0.1645
0.1895
0.1905
0.163
0.2205
0.213
0.2945
0.2985
0.4205
0.3905
0.256
0.346
0.2975
0.336
0.3655
0.349
0.2945
0.3535
0.3445
0.3315
0.345
0.4675
0.486
0.437
0.4325
0.326
0.4235
0.434
0.5005
0.4565
0.49
0.441
0.5095
0.492
0.4305
0.517
0.4525
0.5675
0.726
0.454
0.447
0.481
0.61
0.5255
0.5515
0.516
0.5065
0.6445
0.6155
0.6215
0.55
0.5985
0.69
0.4955
0.575
0.5975
0.622
0.5
0.8505
0.5605
0.532
0.6435
0.7035
0.809
0.62
0.89
0.637
0.655
0.612
1.2455
0.873
1.1945
0.0685
0.1725
0.21
0.165
0.323
0.2735
0.22
0.1765
0.4145
0.45
0.332
0.3445
0.3845
0.3435
0.3415
0.502
0.914
0.533
0.4895
0.476
0.565
0.556
0.512
0.647
0.694
0.6065
0.819
0.7105
0.041
0.039
0.0675
0.1
0.143
0.118
0.17
0.195
0.2145
0.191
0.2425
0.234
0.235
0.3395
0.2605
0.307
0.2975
0.294
0.2025
0.2435
0.3065
0.2845
0.346
0.3345
0.3345
0.3895
0.2815
0.364
0.516
0.333
0.3285
0.321
0.442
0.4025
0.437
0.526
0.4985
0.49
0.4895
0.5285
0.527
0.5055
0.5995
0.407
0.433
0.5015
0.5105
0.528
0.6275
0.678
0.6275
0.6645
0.686
0.675
0.5465
0.607
0.8155
0.0235
0.0595
0.0615
0.11
0.173
0.1645
0.318
0.2855
0.221
0.2435
0.4225
0.4605
0.0985
0.106
0.1805
0.2725
0.289
0.406
0.477
0.3605
0.4275
0.4815
0.4735
0.535
0.4605
0.5985
0.5565
0.7525
0.5375
0.2305
0.256
0.165
0.345
0.0855
0.175
0.146
0.012
0.0795
0.372
0.375
0.255
0.3915
0.44
0.326
0.1625
0.096
0.2495
0.6175
0.1645
0.1255
0.2425
0.282
0.446
0.236
0.19
0.071
0.443
0.322
0.447
0.3575
0.4155
0.266
0.508
0.058
0.285
0.289
0.2505
0.1505
0.2455
0.2875
0.203
0.191
0.056
0.274
0.048
0.2925
0.587
0.18
0.5655
0.1305
0.439
0.5985
0.2945
0.071
0.1525
0.2205
0.4315
0.431
0.4605
0.2955
0.342
0.273
0.1535
0.263
0.4405
0.7035
0.488
0.3455
0.005
0.2055
0.3315
0.0075
0.413
0.292
0.0835
0.0245
0.276
0.1515
0.1985
0.1865
0.083
0.2865
0.315
0.2415
0.4535
0.2845
0.4335
0.479
0.321
0.042
0.0875
0.2405
0.0995
0.27
0.1955
0.2725
0.2745
0.7735
0.564
0.6275
0.312
0.171
0.022
0.0215
0.263
0.186
0.237
0.0745
0.3075
0.2595
0.391
0.2555
0.3765
0.348
0.0205
0.2635
0.202
0.2855
0.2355
0.2115
0.1815
0.08
0.255
0.296
0.271
0.281
0.4935
0.5185
0.8225
0.769
1.133
1.0745
0.059
0.0445
0.0575
0.052
0.0625
0.123
0.1655
0.0935
0.1105
0.199
0.1925
0.2055
0.163
0.2205
0.2035
0.251
0.282
0.416
0.444
0.363
0.3545
0.6245
0.53
0.6135
0.6865
0.621
0.758
0.6705
0.6315
0.8105
0.984
0.011
0.04
0.0575
0.098
0.115
0.181
0.2855
0.352
0.2505
0.293
0.2565
0.3525
0.4315
0.503
0.5515
0.597
0.62
0.5775
0.479
0.5425
0.4865
0.665
0.646
0.6775
0.61
0.7055
0.713
0.708
0.8215
0.037
0.058
0.0915
0.0865
0.1005
0.1125
0.1355
0.174
0.258
0.3165
0.2075
0.327
0.242
0.3595
0.322
0.288
0.3685
0.447
0.449
0.4815
0.4025
0.3615
0.445
0.285
0.4655
0.6335
0.46
0.5805
0.4615
0.675
0.5075
0.539
0.4675
0.5755
0.797
0.8195
0.302
0.327
0.375
0.5845
0.553
0.653
0.093
0.153
0.1335
0.1
0.175
0.246
0.2015
0.1875
0.2365
0.278
0.3795
0.289
0.348
0.4405
0.343
0.3395
0.425
0.581
0.516
0.506
0.639
0.369
0.4865
0.423
0.488
0.5995
0.645
0.7465
0.5175
0.667
0.467
0.684
0.594
0.577
0.728
0.7365
0.475
0.7075
0.8825
0.8725
0.844
0.7755
0.1645
0.2365
0.2405
0.569
0.3495
0.7755
0.414
0.531
0.547
0.6575
0.6185
0.586
0.048
0.073
0.215
0.1755
0.2275
0.197
0.3195
0.321
0.378
0.404
0.331
0.3465
0.379
0.3695
0.4055
0.3895
0.4405
0.52
0.492
0.535
0.5205
0.468
0.5725
0.624
0.642
0.7465
0.6205
0.664
0.727
0.8005
0.063
0.0565
0.0835
0.0995
0.1885
0.219
0.1575
0.2185
0.241
0.201
0.35
0.458
0.4255
0.137
0.181
0.1255
0.15
0.232
0.269
0.2865
0.375
0.3155
0.4
0.37
0.439
0.5255
0.531
0.9455