0.101
0.0485
0.1415
0.114
0.0395
0.0775
0.1415
0.1495
0.1125
0.151
0.1475
0.081
0.095
0.171
0.0805
0.133
0.0395
0.087
0.043
0.075
0.062
0.049
0.214
0.21
0.301
0.188
0.272
0.234
0.219
0.227
0.242
0.2805
0.3575
0.3925
0.4115
0.124
0.3075
0.1165
0.2035
0.086
0.091
0.196
0.0235
0.015
0.0125
0.045
0.227
0.11
0.0255
0.2135
0.111
0.06
0.096
0.1055
0.0915
0.1755
0.0955
0.12
0.014
0.13
0.1125
0.16
0.1935
0.08
0.1315
0.1015
0.1935
0.224
0.1155
0.0405
0.168
0.0985
0.225
0.261
0.2895
0.221
0.189
0.194
0.1595
0.2355
0.252
0.192
0.225
0.234
0.216
0.2225
0.205
0.2075
0.114
0.231
0.1675
0.1525
0.254
0.318
0.3425
0.388
0.1385
0.132
0.133
0.085
0.046
0.1915
0.164
0.1675
0.2405
0.1835
0.183
0.1315
0.179
0.098
0.1345
0.107
0.0635
0.063
0.146
0.1585
0.102
0.0955
0.172
0.0595
0.1035
0.0575
0.1725
0.051
0.0505
0.0235
0.0545
0.061
0.2635
0.261
0.283
0.063
0.036
0.056
0.0205
0.081
0.0345
0.0295
0.063
0.0575
0.2055
0.1435
0.306
0.19
0.1165
0.1075
0.108
0.039
0.0065
0.008
0.262
0.2585
0.305
0.2355
0.1495
0.131
0.2425
0.2615
0.2135
0.1785
0.2475
0.2575
0.297
0.398
0.2895
0.483
0.4515
0.408
0.3085
0.409
0.541
0.169
0.233
0.1845
0.018
0.037
0.0375
0.0475
0.015
0.2165
0.2
0.266
0.268
0.214
0.367
0.2965
0.336
0.3315
0.335
0.271
0.2165
0.2405
0.1815
0.06
0.1965
0.1535
0.145
0.2635
0.178
0.213
0.095
0.205
0.1465
0.155
0.071
0.1085
0.067
0.085
0.1685
0.052
0.1625
0.0415
0.0785
0.1355
0.128
0.1635
0.111
0.07
0.115
0.0755
0.1125
0.1235
0.144
0.125
0.0785
0.1055
0.082
0.0485
0.2095
0.158
0.1625
0.193
0.287
0.029
0.083
0.032
0.0005
0.003
0.002
0.0045
0.2185
0.0245
0.0105
0.0265
0.039
0.0345
0.0325
0.0415
0.038
0.0545
0.035
0.2805
0.2165
0.217
0.2775
0.2065
0.175
0.1655
0.297
0.2555
0.194
0.1725
0.239
0.0245
0.028
0.1525
0.186
0.0635
0.0885
0.1
0.2855
0.2705
0.2505
0.3335
0.197
0.327
0.245
0.3345
0.3115
0.1605
0.1585
0.057
0.104
0.127
0.158
0.1965
0.1595
0.1325
0.0815
0.1795
0.226
0.279
0.2205
0.207
0.19
0.034
0.0285
0.0295
0.1275
0.0585
0.0895
0.174
0.0595
0.0495
0.114
0.0095
0.005
0.369
0.1635
0.2355
0.3055
0.2045
0.3235
0.27
0.2945
0.067
0.2475
0.1015
0.1385
0.0255
0.022
0.0065
0.075
0.041
0.056
0.053
0.0415
0.1665
0.053
0.04
0.161
0.0565
0.042
0.015
0.4085
0.3175
0.2655
0.276
0.325
0.2505
0.2275
0.2565
0.3065
0.1495
0.152
0.2185
0.173
0.0555
0.074
0.2455
0.2905
0.1635
0.2065
0.259
0.286
0.49
0.336
0.3885
0.472
0.392
0.287
0.246
0.2995
0.2705
0.3015
0.244
0.1655
0.2735
0.2765
0.299
0.3455
0.3265
0.453
0.314
0.292
0.3695
0.3365
0.2875
0.183
0.3135
0.2805
0.189
0.137
0.122
0.21
0.1245
0.152
0.1225
0.1435
0.119
0.0595
0.115
0.137
0.0545
0.0535
0.064
0.176
0.144
0.139
0.2075
0.131
0.1625
0.0985
0.152
0.083
0.1985
0.1045
0.182
0.246
0.2215
0.2425
0.2115
0.2385
0.1715
0.2465
0.224
0.267
0.349
0.199
0.16
0.358
0.139
0.123
0.0235
0.02
0.203
0.2435
0.1735
0.129
0.1705
0.1665
0.196
0.156
0.13
0.0905
0.137
0.0435
0.055
0.0645
0.138
0.0525
0.0585
0.1625
0.0325
0.077
0.129
0.136
0.1575
0.232
0.159
0.4725
0.3175
0.354
0.2195
0.3045
0.1735
0.259
0.045
0.057
0.1525
0.061
0.224
0.018
0.012
0.02
0.0035
0.3035
0.2735
0.305
0.2665
0.1715
0.1405
0.0645
0.1415
0.1455
0.1395
0.091
0.254
0.3405
0.2635
0.3215
0.2445
0.1765
0.212
0.237
0.1615
0.2385
0.3065
0.1795
0.2195
0.19
0.181
0.2855
0.2635
0.2185
0.2235
0.2595
0.209
0.2315
0.202
0.1635
0.27
0.2145
0.256
0.2305
0.247
0.157
0.221
0.204
0.209
0.245
0.1265
0.181
0.0365
0.0215
0.0195
0.0575
0.0215
0.034
0.059
0.0085
0.0385
0.0445
0.008
0.0095
0.006
0.003
0.159
0.255
0.059
0.156
0.1055
0.1055
0.086
0.1225
0.08
0.145
0.0255
0.02
0.066
0.1415
0.0925
0.057
0.0695
0.051
0.038
0.018
0.0055
0.1555
0.2005
0.203
0.195
0.1735
0.131
0.141
0.1665
0.205
0.298
0.2625
0.1055
0.0805
0.179
0.092
0.163
0.126
0.0385
0.132
0.1055
0.0265
0.1005
0.109
0.0875
0.2275
0.201
0.2
0.2355
0.1975
0.2495
0.209
0.3035
0.247
0.171
0.3435
0.133
0.065
0.162
0.174
0.1905
0.076
0.058
0.1675
0.057
0.207
0.2975
0.153
0.1825
0.186
0.201
0.2255
0.2245
0.1965
0.0635
0.06
0.108
0.1135
0.0795
0.0455
0.113
0.0675
0.042
0.0825
0.008
0.0355
0.0705
0.1
0.07
0.095
0.047
0.0335
0.0105
0.0425
0.13
0.138
0.1095
0.116
0.1125
0.061
0.0525
0.185
0.046
0.1235
0.095
0.0945
0.1065
0.0525
0.041
0.054
0.0485
0.108
0.1365
0.038
0.2655
0.156
0.045
0.0795
0.084
0.0265
0.13
0.105
0.081
0.014
0.04
0.099
0.024
0.0465
0.0295
0.2315
0.2245
0.254
0.1615
0.3445
0.1555
0.0885
0.0615
0.0665
0.054
0.144
0.14
0.243
0.123
0.108
0.143
0.169
0.124
0.14
0.11
0.168
0.148
0.1915
0.026
0.0465
0.1415
0.094
0.1725
0.1665
0.2325
0.2125
0.1425
0.2055
0.2425
0.145
0.0205
0.1065
0.0655
0.0025
0.04
0.0035
0.0285
0.1145
0.091
0.0685
0.142
0.103
0.0595
0.09
0.1015
0.037
0.0435
0.057
0.0245
0.0355
0.0475
0.0275
0.053
0.0385
0.0205
0.019
0.0115
0.0055
0.004
0.0055
0.228
0.212
0.243
0.125
0.107
0.0705
0.1195
0.159
0.2015
0.1825
0.1695
0.1805
0.1785
0.176
0.1835
0.172
0.1735
0.1525
0.074
0.2175
0.057
0.186
0.183
0.1945
0.226
0.4805
0.2035
0.181
0.4105
0.15
0.1615
0.3045
0.3005
0.272
0.368
0.236
0.2655
0.2315
0.167
0.202
0.1825
0.221
0.361
0.296
0.1905
0.234
0.05
0.227
0.2395
0.2815
0.123
0.0825
0.158
0.167
0.17
0.179
0.142
0.1505
0.1375
0.237
0.152
0.206
0.038
0.0165
0.2325
0.13
0.1375
0.2025
0.246
0.2575
0.1315
0.1285
0.225
0.26
0.1635
0.1685
0.096
0.157
0.081
0.117
0.1055
0.0935
0.045
0.2095
0.0905
0.03
0.179
0.1155
0.179
0.174
0.1315
0.0125
0.021
0.0345
0.0345
0.04
0.0575
0.048
0.064
0.0445
0.0455
0.0585
0.0635
0.063
0.08
0.084
0.06
0.0655
0.0755
0.0505
0.0645
0.084
0.086
0.1
0.1405
0.0935
0.1185
0.113
0.096
0.096
0.129
0.1275
0.1855
0.1425
0.1915
0.1725
0.2015
0.175
0.2015
0.1755
0.168
0.24
0.2155
0.1755
0.1815
0.244
0.2055
0.228
0.296
0.231
0.244
0.2875
0.1695
0.276
0.2325
0.3015
0.33
0.2605
0.3315
0.2815
0.275
0.2545
0.162
0.285
0.2755
0.305
0.361
0.2605
0.332
0.315
0.291
0.3415
0.212
0.298
0.2945
0.391
0.3405
0.322
0.3775
0.422
0.419
0.012
0.014
0.0135
0.0215
0.0215
0.025
0.029
0.05
0.0265
0.0365
0.031
0.0375
0.0305
0.0265
0.0445
0.0305
0.044
0.038
0.0455
0.0425
0.0535
0.058
0.069
0.06
0.037
0.0695
0.0745
0.061
0.081
0.092
0.0795
0.096
0.072
0.0825
0.087
0.061
0.078
0.0835
0.067
0.1095
0.0945
0.127
0.093
0.0855
0.153
0.126
0.1055
0.093
0.0945
0.0925
0.098
0.0905
0.106
0.15
0.092
0.1215
0.11
0.1065
0.1405
0.099
0.117
0.0955
0.124
0.1295
0.1435
0.1535
0.103
0.129
0.12
0.141
0.131
0.133
0.1205
0.1455
0.1225
0.1585
0.134
0.1815
0.2
0.137
0.173
0.1575
0.197
0.232
0.1605
0.196
0.1595
0.229
0.178
0.161
0.207
0.1665
0.2565
0.21
0.255
0.2195
0.1935
0.2745
0.221
0.2255
0.2595
0.2115
0.22
0.2565
0.2615
0.2425
0.2445
0.178
0.2205
0.2435
0.2095
0.2205
0.2645
0.2455
0.262
0.258
0.239
0.2595
0.276
0.278
0.271
0.2475
0.3035
0.302
0.275
0.284
0.248
0.2705
0.3
0.2655
0.326
0.291
0.236
0.342
0.3555
0.308
0.299
0.327
0.2055
0.312
0.308
0.3225
0.331
0.3365
0.3025
0.297
0.3595
0.294
0.3145
0.2995
0.3615
0.3215
0.362
0.4015
0.396
0.42
0.5225
0.4185
0.383
0.44
0.509
0.0075
0.006
0.005
0.009
0.0125
0.013
0.0155
0.0175
0.02
0.024
0.0205
0.0265
0.027
0.0295
0.0475
0.0265
0.0455
0.042
0.0495
0.053
0.044
0.057
0.072
0.07
0.0635
0.051
0.0865
0.0865
0.096
0.0735
0.084
0.1015
0.0905
0.0935
0.0985
0.1075
0.0785
0.1
0.0885
0.098
0.1395
0.1075
0.099
0.111
0.1085
0.13
0.112
0.116
0.1135
0.117
0.15
0.1395
0.115
0.1195
0.1135
0.1265
0.1845
0.133
0.1295
0.1985
0.1245
0.1285
0.1555
0.1395
0.127
0.149
0.138
0.1815
0.1405
0.127
0.1855
0.195
0.1765
0.1775
0.2175
0.1765
0.1885
0.2395
0.1825
0.2375
0.2035
0.217
0.16
0.229
0.214
0.191
0.197
0.197
0.2155
0.2175
0.1945
0.2155
0.426
0.1915
0.1815
0.1975
0.246
0.1825
0.236
0.232
0.2495
0.2395
0.262
0.2465
0.2275
0.257
0.2365
0.2195
0.212
0.2255
0.242
0.272
0.1825
0.25
0.2005
0.1525
0.2445
0.2715
0.29
0.211
0.3065
0.308
0.3415
0.2945
0.254
0.339
0.3135
0.369
0.3725
0.2705
0.279
0.291
0.3025
0.3655
0.3685
0.3105
0.405
0.3485
0.3715
0.3355
0.418
0.307
0.236
0.381
0.407
0.313
0.48
0.469
0.1945
0.4255
0.38
0.55
0.4585
0.5195
0.513
0.4015
0.4985
0.1045
0.014
0.014
0.015
0.0295
0.0205
0.015
0.031
0.0235
0.032
0.0395
0.032
0.0405
0.033
0.037
0.037
0.036
0.0305
0.035
0.042
0.0375
0.049
0.0655
0.035
0.041
0.045
0.0405
0.0415
0.048
0.039
0.0535
0.042
0.0595
0.038
0.0615
0.042
0.0575
0.0595
0.0625
0.061
0.0605
0.0505
0.0705
0.0615
0.045
0.06
0.065
0.086
0.08
0.0715
0.083
0.089
0.0755
0.108
0.0775
0.099
0.077
0.1045
0.073
0.0855
0.105
0.0885
0.091
0.0885
0.11
0.101
0.112
0.0835
0.1045
0.116
0.1375
0.104
0.1415
0.1375
0.1625
0.124
0.1205
0.11
0.1435
0.103
0.1295
0.144
0.1255
0.1365
0.131
0.1385
0.1415
0.111
0.111
0.1235
0.1205
0.121
0.135
0.144
0.1445
0.163
0.1445
0.148
0.163
0.1315
0.1185
0.171
0.137
0.1905
0.1555
0.1545
0.156
0.1435
0.165
0.1765
0.185
0.1305
0.3225
0.1615
0.21
0.1685
0.184
0.13
0.2195
0.1415
0.2525
0.183
0.1785
0.1835
0.147
0.2095
0.176
0.273
0.167
0.156
0.1965
0.2535
0.234
0.2345
0.229
0.199
0.1855
0.1745
0.227
0.188
0.196
0.112
0.272
0.1885
0.2465
0.25
0.1715
0.189
0.226
0.206
0.174
0.2195
0.2215
0.1835
0.257
0.2335
0.1725
0.29
0.197
0.193
0.2195
0.228
0.1955
0.302
0.3195
0.2115
0.2385
0.254
0.3135
0.2685
0.2345
0.256
0.326
0.239
0.345
0.295
0.1785
0.2195
0.221
0.1865
0.2645
0.2725
0.2695
0.2255
0.372
0.2995
0.2385
0.3515
0.245
0.274
0.378
0.3585
0.3735
0.349
0.3215
0.3595
0.3865
0.294
0.3525
0.3125
0.342
0.487
0.271
0.3135
0.416
0.399
0.374
0.4865
0.383
0.4195
0.345
0.389
0.564
0.3585
0.4345
0.46
0.446
0.519
0.42
0.0025
0.0145
0.047
0.0345
0.041
0.046
0.044
0.0665
0.0455
0.061
0.064
0.075
0.061
0.063
0.065
0.0905
0.0745
0.08
0.092
0.089
0.126
0.0995
0.096
0.1105
0.1165
0.0835
0.136
0.093
0.117
0.1025
0.1075
0.103
0.105
0.1285
0.1245
0.1565
0.096
0.181
0.1245
0.139
0.145
0.1415
0.151
0.1775
0.218
0.2035
0.161
0.1835
0.207
0.2065
0.2465
0.2205
0.2165
0.23
0.215
0.239
0.2205
0.2655
0.2085
0.1985
0.193
0.2875
0.2945
0.229
0.1915
0.231
0.236
0.235
0.322
0.3245
0.26
0.268
0.2745
0.2425
0.259
0.2655
0.318
0.3345
0.365
0.3585
0.3015
0.326
0.3045
0.304
0.2435
0.296
0.4095
0.351
0.324
0.374
0.4475
0.388
0.3255
0.306
0.3325
0.3265
0.3665
0.4095
0.363
0.413
0.427
0.397
0.011
0.017
0.0155
0.0175
0.034
0.0355
0.0245
0.0315
0.0495
0.056
0.044
0.0365
0.0525
0.046
0.0925
0.0665
0.0395
0.0505
0.059
0.056
0.053
0.062
0.0465
0.071
0.0575
0.0625
0.048
0.0585
0.07
0.08
0.064
0.085
0.0855
0.083
0.081
0.0815
0.0735
0.0985
0.137
0.099
0.1305
0.1035
0.114
0.106
0.1285
0.0945
0.1285
0.091
0.1265
0.143
0.147
0.135
0.143
0.131
0.125
0.123
0.14
0.1265
0.1595
0.1095
0.1635
0.147
0.159
0.16
0.1605
0.141
0.1455
0.1305
0.167
0.162
0.1815
0.1395
0.1725
0.255
0.1175
0.169
0.1545
0.1455
0.1155
0.112
0.1685
0.1345
0.1485
0.16
0.176
0.1245
0.15
0.158
0.187
0.149
0.221
0.186
0.149
0.1825
0.1735
0.185
0.148
0.166
0.144
0.1705
0.172
0.1805
0.196
0.238
0.188
0.2175
0.247
0.1465
0.176
0.218
0.198
0.166
0.1515
0.2225
0.173
0.1405
0.2205
0.235
0.268
0.1785
0.17
0.194
0.2065
0.1925
0.2045
0.196
0.1965
0.2225
0.2455
0.241
0.3045
0.1775
0.1905
0.2265
0.2345
0.224
0.264
0.228
0.2515
0.2915
0.2345
0.223
0.19
0.2405
0.2855
0.2395
0.261
0.256
0.2605
0.241
0.2435
0.246
0.2695
0.16
0.2265
0.2575
0.2225
0.2615
0.2355
0.22
0.2055
0.2615
0.2865
0.266
0.2325
0.273
0.2315
0.271
0.3445
0.309
0.313
0.2665
0.2695
0.2925
0.4205
0.2615
0.288
0.3715
0.345
0.2215
0.309
0.276
0.308
0.362
0.2735
0.2905
0.3195
0.23
0.337
0.2905
0.281
0.223
0.2745
0.3805
0.269
0.3125
0.3295
0.3545
0.3845
0.253
0.2925
0.32
0.314
0.311
0.2865
0.3095
0.339
0.3305
0.2755
0.3175
0.391
0.339
0.293
0.375
0.3675
0.3935
0.48
0.4565
0.4475
0.4925
0.287
0.454
0.366
0.4425
0.3215
0.487
0.5195
0.403
0.5185
0.4825
0.421
0.6415
0.76
0.057
0.091
0.131
0.0955
0.139
0.09
0.0865
0.1715
0.0855
0.1535
0.1395
0.123
0.2455
0.185
0.215
0.223
0.198
0.2495
0.2225
0.155
0.1715
0.1815
0.2295
0.2195
0.318
0.2445
0.294
0.311
0.2145
0.2245
0.1715
0.324
0.2685
0.2035
0.284
0.2205
0.3055
0.232
0.2575
0.238
0.2715
0.286
0.2535
0.3115
0.307
0.2295
0.326
0.3685
0.2785
0.314
0.333
0.293
0.33
0.3775
0.4015
0.436
0.3675
0.4265
0.375
0.409
0.0055
0.013
0.0275
0.0335
0.042
0.0325
0.0375
0.0445
0.0525
0.067
0.0345
0.064
0.0615
0.0565
0.0625
0.0625
0.0665
0.0785
0.0945
0.0555
0.056
0.067
0.096
0.099
0.08
0.178
0.1025
0.0965
0.1165
0.148
0.0975
0.106
0.1175
0.1425
0.1105
0.152
0.1335
0.16
0.0915
0.1335
0.146
0.17
0.156
0.12
0.1535
0.159
0.0965
0.1275
0.115
0.148
0.1765
0.2005
0.155
0.158
0.231
0.1405
0.1905
0.1405
0.1645
0.1465
0.1585
0.1755
0.171
0.179
0.1785
0.1545
0.183
0.158
0.195
0.215
0.205
0.174
0.2285
0.1955
0.1525
0.193
0.2145
0.2225
0.2085
0.1615
0.202
0.162
0.2115
0.1925
0.173
0.173
0.185
0.2185
0.1645
0.2005
0.201
0.1955
0.337
0.2195
0.2885
0.1935
0.1985
0.2565
0.2615
0.2945
0.1975
0.2785
0.2825
0.283
0.3195
0.227
0.2525
0.302
0.213
0.346
0.4405
0.2315
0.212
0.3005
0.2405
0.2965
0.351
0.2
0.246
0.3065
0.296
0.314
0.246
0.213
0.2975
0.3
0.24
0.2555
0.2505
0.269
0.3465
0.322
0.2375
0.3655
0.296
0.278
0.384
0.2485
0.2605
0.223
0.2775
0.303
0.2955
0.2675
0.29
0.2465
0.2845
0.3025
0.354
0.379
0.2145
0.402
0.3835
0.447
0.2985
0.347
0.3835
0.3605
0.4305
0.315
0.366
0.4915
0.0065
0.005
0.012
0.0265
0.0185
0.023
0.0205
0.0235
0.022
0.0255
0.0355
0.044
0.0465
0.0335
0.0525
0.038
0.034
0.047
0.05
0.068
0.063
0.0795
0.0675
0.102
0.084
0.082
0.099
0.1525
0.0865
0.1095
0.1385
0.1315
0.1035
0.154
0.145
0.1495
0.1855
0.1565
0.1905
0.2435
0.184
0.212
0.156
0.2705
0.273
0.177
0.2085
0.228
0.252
0.353
0.0185
0.0225
0.022
0.0225
0.033
0.0305
0.061
0.062
0.0705
0.06
0.076
0.065
0.091
0.0825
0.1045
0.116
0.1175
0.0885
0.085
0.074
0.1315
0.0995
0.1345
0.1035
0.1575
0.143
0.149
0.1005
0.1895
0.1565
0.116
0.1675
0.1855
0.2115
0.137
0.1735
0.1475
0.207
0.2115
0.1765
0.2595
0.2
0.2675
0.244
0.2225
0.2355
0.3395
0.387
0.3975
0.3725
0.2815
0.448
0.4825
0.1965
0.4755
0.1555
0.1355
0.1075
0.0575
0.0685
0.132
0.0825
0.0885
0.0695
0.0505
0.1365
0.082
0.0565
0.128
0.265
0.2105
0.3705
0.391
0.2555
0.051
0.0995
0.1975
0.0495
0.0065
0.01
0.0385
0.0725
0.1405
0.1265
0.0725
0.0965
0.1
0.0675
0.094
0.0755
0.126
0.071
0.2265
0.2105
0.185
0.0385
0.1625
0.0885
0.113
0.166
0.213
0.2455
0.277
0.337
0.105
0.0355
0.0865
0.1015
0.083
0.0765
0.1625
0.0845
0.0735
0.018
0.1035
0.437
0.0465
0.0115
0.2095
0.1965
0.185
0.3285
0.1795
0.3315
0.472
0.465
0.492
0.184
0.0565
0.311
0.061
0.0535
0.0345
0.003
0.0285
0.015
0.005
0.2
0.274
0.197
0.187
0.206
0.2035
0.2475
0.165
0.1985
0.1735
0.1155
0.031
0.1035
0.1715
0.1225
0.1325
0.115
0.1985
0.2785
0.264
0.014
0.0935
0.0255
0.0545
0.0705
0.0195
0.4075
0.36
0.2285
0.2185
0.2375
0.096
0.0285
0.0235
0.093
0.2595
0.205
0.297
0.258
0.219
0.2815
0.0995
0.1325
0.0385
0.196
0.189
0.1155
0.2005
0.1865
0.2445
0.195
0.15
0.174
0.0525
0.019
0.15
0.051
0.1635
0.155
0.2045
0.229
0.1845
0.2735
0.2435
0.2355
0.0745
0.105
0.09
0.0915
0.07
0.1185
0.0455
0.1045
0.074
0.1495
0.053
0.2495
0.3765
0.2815
0.2205
0.305
0.339
0.1385
0.1565
0.134
0.0935
0.2525
0.1825
0.176
0.196
0.2875
0.2185
0.405
0.261
0.216
0.189
0.2175
0.2675
0.219
0.2835
0.348
0.4255
0.2215
0.245
0.2475
0.158
0.216
0.0965
0.134
0.179
0.112
0.0785
0.089
0.173
0.0745
0.036
0.23
0.0435
0.1205
0.075
0.0525
0.1465
0.1725
0.181
0.12
0.08
0.1235
0.1445
0.2015
0.119
0.257
0.2245
0.179
0.218
0.129
0.1275
0.164
0.1005
0.063
0.0315
0.1505
0.165
0.1625
0.177
0.154
0.1175
0.153
0.0635
0.0925
0.1315
0.0735
0.2815
0.082
0.055
0.1645
0.209
0.121
0.0795
0.1485
0.127
0.3835
0.59
0.2025
0.215
0.1695
0.358
0.304
0.1905
0.0315
0.018
0.0055
0.2455
0.3365
0.1715
0.189
0.1945
0.0935
0.111
0.184
0.233
0.3415
0.242
0.2105
0.204
0.212
0.2205
0.2565
0.1875
0.159
0.291
0.1905
0.2035
0.216
0.435
0.296
0.423
0.2175
0.064
0.0055
0.0725
0.126
0.0675
0.043
0.0955
0.1415
0.051
0.037
0.0075
0.005
0.161
0.131
0.083
0.117
0.1445
0.1465
0.141
0.1125
0.102
0.045
0.041
0.0335
0.273
0.241
0.1845
0.252
0.161
0.152
0.0755
0.146
0.105
0.026
0.1905
0.283
0.2
0.297
0.3045
0.2705
0.12
0.1085
0.034
0.19
0.0785
0.037
0.0565
0.033
0.103
0.1125
0.0465
0.142
0.114
0.0655
0.027
0.2145
0.168
0.02
0.151
0.034
0.115
0.2485
0.232
0.3365
0.292
0.1095
0.156
0.039
0.1755
0.051
0.135
0.208
0.107
0.114
0.149
0.1265
0.1645
0.0185
0.0415
0.0585
0.11
0.056
0.065
0.0225
0.0235
0.014
0.017
0.0185
0.008
0.2325
0.158
0.095
0.1015
0.146
0.137
0.168
0.1065
0.2155
0.0625
0.226
0.2895
0.2
0.384
0.343
0.3285
0.2455
0.312
0.193
0.1165
0.2005
0.1905
0.06
0.201
0.241
0.107
0.038
0.1295
0.349
0.195
0.096
0.087
0.17
0.118
0.0735
0.0675
0.1245
0.2065
0.1775
0.18
0.213
0.155
0.05
0.0265
0.03
0.065
0.04
0.03
0.1065
0.0705
0.0835
0.05
0.0825
0.113
0.1445
0.115
0.1455
0.0975
0.1015
0.16
0.142
0.1725
0.1455
0.15
0.2355
0.277
0.2215
0.2725
0.2015
0.191
0.2835
0.2175
0.275
0.259
0.3125
0.331
0.314
0.299
0.3615
0.318
0.358
0.371
0.2655
0.4195
0.365
0.418
0.011
0.013
0.0135
0.022
0.0265
0.024
0.0275
0.037
0.0325
0.0395
0.0565
0.0405
0.059
0.066
0.0715
0.0835
0.111
0.0865
0.11
0.089
0.1065
0.1045
0.1115
0.0885
0.102
0.1005
0.1035
0.1025
0.1115
0.1015
0.166
0.09
0.142
0.1365
0.189
0.1705
0.208
0.1415
0.2275
0.1595
0.159
0.224
0.185
0.196
0.206
0.1815
0.2215
0.263
0.269
0.22
0.2745
0.2245
0.274
0.2735
0.274
0.2495
0.3015
0.32
0.323
0.253
0.233
0.268
0.2365
0.2165
0.336
0.266
0.271
0.317
0.2985
0.3345
0.3755
0.2955
0.369
0.429
0.3855
0.442
0.389
0.3935
0.5005
0.512
0.482
0.01
0.019
0.022
0.033
0.0475
0.038
0.0795
0.077
0.082
0.08
0.0735
0.0765
0.058
0.108
0.0975
0.0875
0.119
0.112
0.115
0.1005
0.1205
0.132
0.135
0.149
0.1085
0.119
0.1175
0.1295
0.17
0.1545
0.185
0.215
0.144
0.1995
0.133
0.1885
0.217
0.204
0.159
0.1905
0.1725
0.203
0.129
0.164
0.2165
0.2615
0.166
0.2325
0.2255
0.419
0.2835
0.246
0.2095
0.209
0.3095
0.2475
0.243
0.3005
0.277
0.2445
0.2465
0.262
0.188
0.311
0.2595
0.352
0.283
0.2775
0.2765
0.298
0.228
0.298
0.3175
0.2985
0.2975
0.3685
0.279
0.3115
0.3615
0.306
0.398
0.4265
0.387
0.5265
0.5235
0.005
0.008
0.008
0.021
0.0325
0.038
0.0385
0.0505
0.0315
0.0395
0.0625
0.0545
0.0735
0.0445
0.0535
0.0625
0.061
0.2075
0.053
0.0635
0.0575
0.075
0.067
0.0635
0.083
0.0855
0.0765
0.0785
0.0625
0.0655
0.077
0.087
0.088
0.128
0.118
0.0925
0.126
0.097
0.095
0.14
0.132
0.137
0.098
0.125
0.147
0.1285
0.114
0.169
0.239
0.152
0.171
0.1805
0.17
0.174
0.1575
0.244
0.139
0.103
0.1685
0.2025
0.2325
0.2705
0.2155
0.185
0.167
0.1625
0.1345
0.2065
0.173
0.2025
0.217
0.2685
0.2635
0.155
0.2745
0.2915
0.1715
0.201
0.2195
0.4365
0.2165
0.3105
0.252
0.252
0.2325
0.2565
0.211
0.222
0.282
0.377
0.1755
0.288
0.2705
0.3375
0.2995
0.352
0.373
0.417
0.321
0.525
0.541
0.016
0.017
0.021
0.0335
0.0645
0.0395
0.0435
0.042
0.0595
0.054
0.0795
0.107
0.118
0.1215
0.1085
0.123
0.1615
0.142
0.18
0.1715
0.1805
0.1875
0.1745
0.165
0.201
0.182
0.233
0.2055
0.2435
0.224
0.256
0.225
0.247
0.25
0.283
0.2045
0.259
0.273
0.275
0.295
0.3155
0.289
0.3095
0.346
0.2635
0.3575
0.363
0.407
0.325
0.3255
0.463
0.5115
0.0265
0.028
0.034
0.0305
0.041
0.0455
0.0425
0.0485
0.073
0.0515
0.0865
0.058
0.09
0.087
0.102
0.117
0.109
0.1365
0.104
0.1065
0.1375
0.1435
0.096
0.143
0.13
0.1155
0.199
0.113
0.187
0.199
0.1365
0.15
0.153
0.158
0.194
0.163
0.174
0.1435
0.173
0.18
0.195
0.19
0.1965
0.1935
0.232
0.212
0.1945
0.1955
0.187
0.265
0.15
0.207
0.3865
0.2555
0.2035
0.2435
0.3255
0.2225
0.2345
0.2715
0.29
0.1985
0.1955
0.3315
0.225
0.2385
0.259
0.2305
0.247
0.2865
0.1865
0.3365
0.281
0.2065
0.207
0.1735
0.18
0.277
0.256
0.2485
0.3065
0.2885
0.269
0.2775
0.3045
0.282
0.3125
0.266
0.2315
0.2925
0.408
0.44
0.367
0.3725
0.309
0.319
0.397
0.2985
0.322
0.353
0.3025
0.2675
0.2925
0.2625
0.297
0.4055
0.4655
0.3805
0.478
0.474
0.336
0.067
0.108
0.0825
0.2285
0.2015
0.112
0.1195
0.292
0.198
0.275
0.208
0.3265
0.342
0.1845
0.2015
0.2105
0.231
0.207
0.396
0.261
0.3035
0.22
0.1915
0.271
0.318
0.2245
0.292
0.3905
0.2965
0.3395
0.408
0.4035
0.422
0.423
0.0165
0.0415
0.0395
0.059
0.034
0.05
0.0645
0.05
0.065
0.074
0.0825
0.07
0.0765
0.0855
0.104
0.099
0.095
0.103
0.123
0.1435
0.1555
0.1245
0.126
0.1515
0.1655
0.163
0.1465
0.157
0.2095
0.1385
0.2235
0.211
0.196
0.2005
0.1405
0.1935
0.1685
0.262
0.2395
0.236
0.2615
0.2395
0.1825
0.2025
0.195
0.1955
0.198
0.176
0.208
0.167
0.259
0.247
0.295
0.227
0.3035
0.2315
0.2505
0.231
0.3515
0.2605
0.2385
0.2615
0.3165
0.302
0.3045
0.3405
0.3935
0.3855
0.3775
0.334
0.4285
0.4575
0.3565
0.4655
0.012
0.013
0.021
0.046
0.0745
0.067
0.111
0.115
0.1065
0.1335
0.1575
0.147
0.1635
0.1375
0.1245
0.122
0.2605
0.2075
0.182
0.315
0.2425
0.3795
0.0185
0.026
0.0505
0.04
0.0465
0.068
0.0665
0.0735
0.081
0.0815
0.0945
0.1715
0.089
0.1835
0.138
0.131
0.1945
0.1965
0.209
0.1655
0.216
0.293
0.271
0.2115
0.2045
0.285
0.357
0.3525
0.1155
0.1105
0.1145
0.1505
0.0845
0.151
0.024
0.139
0.007
0.0125
0.007
0.3055
0.2405
0.276
0.2995
0.4065
0.3125
0.3515
0.3025
0.142
0.092
0.1065
0.1555
0.18
0.089
0.203
0.021
0.013
0.0365
0.238
0.2125
0.281
0.158
0.271
0.2505
0.291
0.271
0.239
0.1455
0.1235
0.0575
0.0765
0.131
0.1355
0.133
0.0535
0.0135
0.056
0.0715
0.262
0.1785
0.387
0.234
0.127
0.145
0.3985
0.2135
0.0075
0.347
0.1915
0.2045
0.2255
0.207
0.033
0.0315
0.115
0.1255
0.145
0.057
0.284
0.295
0.3205
0.0375
0.0295
0.1045
0.034
0.061
0.244
0.27
0.326
0.243
0.275
0.3075
0.3075
0.087
0.3105
0.3205
0.138
0.0515
0.2135
0.171
0.3075
0.0965
0.106
0.137
0.1025
0.328
0.2385
0.081
0.1625
0.3225
0.238
0.2565
0.058
0.289
0.3025
0.318
0.1585
0.4005
0.303
0.2825
0.4395
0.3005
0.219
0.306
0.28
0.039
0.1145
0.106
0.142
0.0855
0.1005
0.042
0.193
0.15
0.102
0.3035
0.2145
0.288
0.2925
0.197
0.3175
0.1395
0.1635
0.1205
0.0885
0.2415
0.1775
0.123
0.1075
0.1175
0.124
0.082
0.0785
0.1075
0.1575
0.318
0.353
0.157
0.26
0.235
0.217
0.3025
0.227
0.1455
0.225
0.164
0.122
0.17
0.135
0.243
0.3
0.1315
0.205
0.278
0.23
0.27
0.227
0.4875
0.3705
0.1805
0.183
0.216
0.0515
0.1165
0.024
0.122
0.238
0.1365
0.1335
0.057
0.108
0.041
0.0705
0.0105
0.0045
0.3235
0.1565
0.127
0.1505
0.0755
0.0585
0.037
0.2015
0.2595
0.284
0.145
0.0555
0.165
0.0875
0.0865
0.038
0.079
0.09
0.4005
0.309
0.1785
0.22
0.125
0.085
0.046
0.098
0.141
0.073
0.0575
0.1615
0.108
0.0645
0.1355
0.1685
0.118
0.098
0.073
0.0735
0.0555
0.023
0.2165
0.2345
0.0735
0.069
0.2075
0.0365
0.082
0.02
0.187
0.264
0.257
0.1065
0.034
0.0905
0.194
0.1715
0.1805
0.031
0.016
0.0345
0.026
0.005
0.2665
0.161
0.1725
0.0335
0.1455
0.2535
0.196
0.4505
0.3525
0.2785
0.174
0.3155
0.222
0.253
0.202
0.332
0.1215
0.0515
0.1025
0.2165
0.1405
0.125
0.059
0.0575
0.0405
0.04
0.0465
0.05
0.072
0.083
0.0745
0.106
0.1235
0.1005
0.2025
0.182
0.221
0.27
0.279
0.214
0.223
0.2175
0.254
0.307
0.341
0.44
0.575
0.0185
0.0285
0.0305
0.049
0.0405
0.0475
0.0645
0.062
0.0655
0.049
0.0785
0.0955
0.11
0.118
0.1155
0.1075
0.1325
0.1305
0.104
0.1325
0.157
0.166
0.159
0.195
0.1975
0.171
0.2145
0.2295
0.238
0.315
0.236
0.2925
0.2505
0.2825
0.2415
0.293
0.2985
0.2345
0.3575
0.381
0.407
0.4095
0.385
0.3595
0.0045
0.0065
0.0525
0.0585
0.059
0.071
0.0945
0.079
0.0925
0.0345
0.102
0.084
0.1505
0.1335
0.239
0.1155
0.122
0.1165
0.1515
0.201
0.1685
0.146
0.163
0.17
0.2195
0.242
0.24
0.1905
0.196
0.2635
0.2835
0.257
0.274
0.254
0.258
0.239
0.341
0.2665
0.3335
0.36
0.402
0.2805
0.3645
0.3905
0.3965
0.3275
0.4435
0.347
0.401
0.009
0.0005
0.019
0.0265
0.026
0.03
0.0355
0.034
0.035
0.037
0.051
0.039
0.0595
0.068
0.0605
0.092
0.08
0.0715
0.081
0.0785
0.1045
0.09
0.068
0.1105
0.0925
0.099
0.0835
0.11
0.103
0.119
0.1215
0.1075
0.1395
0.1245
0.169
0.1225
0.177
0.187
0.2455
0.2315
0.1505
0.1915
0.2095
0.1715
0.221
0.211
0.1845
0.165
0.1855
0.166
0.2275
0.25
0.1795
0.2245
0.183
0.19
0.2235
0.2475
0.1585
0.221
0.2145
0.2875
0.302
0.2375
0.2235
0.24
0.3055
0.1805
0.3135
0.3905
0.3485
0.311
0.1255
0.288
0.422
0.299
0.383
0.3525
0.3645
0.008
0.0515
0.0625
0.0755
0.1235
0.1145
0.118
0.1325
0.144
0.196
0.221
0.24
0.2575
0.25
0.2585
0.305
0.3115
0.2
0.2955
0.2645
0.3375
0.303
0.262
0.3505
0.345
0.368
0.331
0.436
0.5145
0.0185
0.0185
0.027
0.028
0.0155
0.0515
0.055
0.0455
0.0835
0.081
0.059
0.0825
0.0935
0.099
0.0615
0.099
0.086
0.079
0.0965
0.103
0.134
0.1405
0.1505
0.182
0.2005
0.1855
0.173
0.108
0.156
0.148
0.15
0.1315
0.176
0.1325
0.1495
0.1755
0.18
0.215
0.2225
0.2145
0.153
0.199
0.184
0.1715
0.24
0.2525
0.2015
0.256
0.222
0.2525
0.2495
0.273
0.287
0.2795
0.1965
0.171
0.2575
0.2675
0.257
0.212
0.3305
0.2925
0.296
0.2885
0.2305
0.2695
0.246
0.306
0.2025
0.3155
0.296
0.309
0.2335
0.3615
0.3045
0.2735
0.328
0.402
0.318
0.375
0.41
0.247
0.3255
0.394
0.3725
0.367
0.5745
0.037
0.063
0.1055
0.0435
0.1325
0.163
0.159
0.1125
0.199
0.2285
0.1815
0.157
0.156
0.142
0.155
0.301
0.377
0.273
0.2955
0.2325
0.2975
0.2315
0.322
0.2485
0.318
0.2955
0.4025
0.4215
0.021
0.0285
0.037
0.061
0.0735
0.065
0.076
0.071
0.09
0.099
0.088
0.127
0.135
0.129
0.108
0.171
0.1395
0.156
0.101
0.1525
0.1365
0.1845
0.1715
0.1935
0.22
0.2325
0.139
0.1505
0.2185
0.207
0.102
0.1975
0.2155
0.2365
0.1515
0.2975
0.315
0.182
0.24
0.2655
0.374
0.278
0.248
0.224
0.2975
0.24
0.262
0.258
0.27
0.229
0.379
0.278
0.318
0.478
0.2815
0.318
0.4695
0.011
0.0305
0.0275
0.042
0.0875
0.071
0.121
0.1285
0.117
0.119
0.155
0.2825
0.043
0.0485
0.0875
0.097
0.0905
0.1605
0.1605
0.1955
0.207
0.2305
0.263
0.2635
0.2565
0.395
0.3235
0.351
0.38
0.125
0.1775
0.083
0.187
0.04
0.0755
0.072
0.0085
0.0495
0.205
0.204
0.15
0.195
0.1685
0.1895
0.097
0.056
0.087
0.4255
0.085
0.0575
0.202
0.186
0.261
0.183
0.085
0.0405
0.3375
0.244
0.207
0.194
0.3385
0.1725
0.314
0.0225
0.1405
0.1745
0.1635
0.0945
0.171
0.204
0.082
0.1445
0.035
0.151
0.046
0.1545
0.4055
0.1185
0.2385
0.056
0.2645
0.2565
0.153
0.059
0.074
0.088
0.263
0.222
0.263
0.184
0.196
0.112
0.074
0.1425
0.192
0.386
0.244
0.1925
0.0035
0.1015
0.166
0.0045
0.228
0.179
0.0515
0.0135
0.134
0.1165
0.111
0.0935
0.037
0.146
0.181
0.144
0.253
0.153
0.226
0.3565
0.1775
0.0285
0.043
0.16
0.066
0.1455
0.127
0.19
0.156
0.4405
0.323
0.35
0.169
0.1175
0.0145
0.0175
0.157
0.1025
0.161
0.0465
0.2575
0.18
0.2295
0.144
0.215
0.168
0.02
0.1985
0.1445
0.1975
0.171
0.166
0.157
0.045
0.0915
0.104
0.1125
0.1255
0.1855
0.3735
0.3655
0.38
0.4665
0.382
0.031
0.017
0.0295
0.028
0.04
0.0605
0.0625
0.066
0.0575
0.087
0.0755
0.0935
0.1005
0.0945
0.13
0.1345
0.143
0.163
0.205
0.1925
0.2075
0.2455
0.2555
0.283
0.313
0.302
0.3735
0.3845
0.3105
0.4045
0.411
0.0065
0.018
0.0285
0.039
0.043
0.057
0.0855
0.127
0.1345
0.1265
0.1265
0.1835
0.2545
0.2105
0.223
0.246
0.237
0.2095
0.2385
0.2265
0.259
0.229
0.3115
0.285
0.274
0.3555
0.282
0.3615
0.383
0.0225
0.032
0.0425
0.036
0.049
0.0615
0.0775
0.0725
0.1195
0.132
0.1155
0.155
0.1375
0.159
0.167
0.1365
0.178
0.169
0.166
0.1945
0.208
0.249
0.214
0.149
0.2195
0.192
0.1945
0.317
0.258
0.247
0.296
0.292
0.3355
0.2515
0.409
0.331
0.1365
0.1445
0.2145
0.257
0.3205
0.347
0.056
0.0505
0.0725
0.0655
0.092
0.1095
0.09
0.1055
0.1075
0.1455
0.1625
0.19
0.1585
0.159
0.1625
0.1355
0.1645
0.2215
0.164
0.2485
0.241
0.2135
0.184
0.219
0.249
0.2815
0.303
0.4105
0.308
0.2945
0.1975
0.3005
0.2695
0.3315
0.343
0.3055
0.304
0.364
0.4385
0.4565
0.3535
0.4225
0.0775
0.1275
0.127
0.291
0.1595
0.35
0.214
0.189
0.2665
0.2625
0.302
0.278
0.0225
0.0365
0.0745
0.102
0.1335
0.1305
0.174
0.1485
0.142
0.2275
0.14
0.1765
0.1605
0.2395
0.283
0.2225
0.267
0.19
0.226
0.29
0.3085
0.2385
0.281
0.2935
0.3255
0.2935
0.297
0.4095
0.36
0.526
0.0215
0.0365
0.0355
0.0545
0.0715
0.075
0.0895
0.107
0.1045
0.089
0.1615
0.217
0.263
0.068
0.0695
0.0635
0.0505
0.0885
0.1265
0.123
0.18
0.1955
0.172
0.239
0.2145
0.2875
0.261
0.3765