0.15
0.07
0.21
0.155
0.055
0.12
0.33
0.26
0.165
0.32
0.21
0.135
0.19
0.205
0.185
0.24
0.115
0.13
0.1
0.115
0.075
0.085
0.27
0.2
0.305
0.3
0.285
0.28
0.295
0.2
0.33
0.46
0.35
0.455
0.49
0.125
0.34
0.145
0.26
0.09
0.115
0.27
0.02
0.012
0.015
0.075
0.14
0.15
0.045
0.245
0.19
0.1
0.16
0.15
0.11
0.22
0.135
0.17
0.025
0.175
0.135
0.175
0.2
0.1
0.185
0.135
0.32
0.485
0.17
0.045
0.275
0.1
0.425
0.38
0.315
0.28
0.315
0.305
0.285
0.345
0.285
0.675
0.32
0.58
0.36
0.44
0.4
0.26
0.165
0.33
0.255
0.26
0.39
0.39
0.485
0.48
0.25
0.145
0.165
0.155
0.075
0.255
0.335
0.205
0.345
0.235
0.28
0.22
0.2
0.13
0.155
0.175
0.105
0.165
0.21
0.18
0.22
0.165
0.31
0.085
0.14
0.085
0.255
0.07
0.07
0.03
0.07
0.08
0.54
0.78
0.41
0.129
0.062
0.068
0.028
0.1355
0.048
0.063
0.117
0.0925
0.2475
0.2665
0.4465
0.2425
0.17
0.174
0.1565
0.042
0.0125
0.01
0.325
0.335
0.45
0.355
0.31
0.21
0.34
0.635
0.285
0.44
0.34
0.28
0.345
1.005
0.815
0.725
0.85
0.65
0.76
0.62
0.59
0.255
0.285
0.22
0.015
0.075
0.035
0.05
0.015
0.35
0.295
0.57
0.3
0.325
0.46
0.355
0.285
0.38
0.315
0.29
0.325
0.36
0.36
0.15
0.195
0.245
0.21
0.465
0.26
0.285
0.135
0.285
0.23
0.275
0.12
0.16
0.12
0.12
0.31
0.08
0.22
0.06
0.12
0.205
0.235
0.255
0.135
0.11
0.165
0.105
0.14
0.18
0.19
0.155
0.1
0.155
0.09
0.07
0.35
0.245
0.275
0.325
0.435
0.035
0.125
0.04
0.0015
0.004
0.003
0.005
0.275
0.035
0.02
0.04
0.06
0.06
0.05
0.07
0.045
0.07
0.06
0.36
0.3
0.345
0.34
0.37
0.41
0.345
0.365
0.295
0.26
0.27
0.245
0.026
0.04
0.16
0.235
0.0905
0.255
0.17
0.55
0.37
0.385
0.45
0.41
0.585
0.49
0.69
0.43
0.25
0.3
0.075
0.15
0.225
0.31
0.285
0.205
0.205
0.19
0.24
0.325
0.355
0.315
0.35
0.375
0.04
0.035
0.03
0.15
0.075
0.1
0.335
0.074
0.0715
0.15
0.011
0.005
0.535
0.195
0.275
0.39
0.265
0.345
0.435
0.46
0.14
0.39
0.12
0.32
0.06
0.03
0.015
0.1
0.035
0.075
0.08
0.065
0.205
0.095
0.09
0.2
0.095
0.035
0.02
0.71
0.355
0.325
0.425
0.33
0.285
0.3
0.48
0.32
0.17
0.24
0.18
0.275
0.055
0.09
0.28
0.245
0.27
0.245
0.22
0.34
0.58
0.395
0.395
0.7
0.485
0.35
0.34
0.445
0.295
0.35
0.355
0.265
0.265
0.315
0.47
0.415
0.5
0.6
0.42
0.4
0.605
0.285
0.25
0.37
0.33
0.385
0.25
0.2
0.195
0.235
0.135
0.215
0.145
0.22
0.14
0.105
0.18
0.18
0.08
0.07
0.115
0.24
0.185
0.26
0.31
0.175
0.235
0.155
0.2
0.11
0.24
0.15
0.29
0.285
0.235
0.34
0.28
0.28
0.24
0.39
0.36
0.4
0.45
0.36
0.235
0.505
0.155
0.2
0.035
0.03
0.32
0.33
0.33
0.375
0.385
0.295
0.325
0.32
0.255
0.12
0.22
0.09
0.09
0.085
0.25
0.085
0.07
0.285
0.085
0.12
0.275
0.39
0.375
0.375
0.26
0.58
0.42
0.36
0.255
0.33
0.24
0.39
0.08
0.0995
0.235
0.075
0.265
0.025
0.02
0.025
0.008
0.4
0.41
0.625
0.465
0.2185
0.177
0.1045
0.181
0.2765
0.2645
0.1345
0.415
0.58
0.455
0.475
0.3
0.24
0.26
0.305
0.315
0.29
0.36
0.235
0.285
0.285
0.29
0.41
0.415
0.37
0.305
0.48
0.3
0.345
0.305
0.245
0.395
0.36
0.36
0.42
0.315
0.305
0.365
0.25
0.275
0.34
0.135
0.21
0.045
0.025
0.03
0.075
0.03
0.045
0.055
0.01
0.055
0.07
0.01
0.015
0.005
0.005
0.235
0.26
0.085
0.205
0.13
0.155
0.11
0.145
0.155
0.179
0.04
0.0325
0.0885
0.179
0.131
0.1135
0.117
0.085
0.049
0.027
0.0155
0.23
0.255
0.33
0.345
0.25
0.155
0.12
0.16
0.255
0.37
0.44
0.22
0.1175
0.17
0.155
0.2185
0.185
0.06
0.168
0.096
0.0345
0.0985
0.1275
0.1175
0.415
0.305
0.345
0.35
0.26
0.27
0.255
0.515
0.365
0.245
0.435
0.115
0.11
0.2
0.195
0.25
0.15
0.095
0.235
0.075
0.205
0.42
0.24
0.3
0.225
0.32
0.36
0.335
0.25
0.0835
0.0865
0.166
0.2235
0.154
0.059
0.136
0.081
0.068
0.1515
0.012
0.06
0.169
0.1655
0.148
0.152
0.049
0.044
0.0195
0.054
0.195
0.195
0.17
0.14
0.225
0.125
0.09
0.265
0.065
0.1335
0.1405
0.158
0.165
0.075
0.063
0.08
0.055
0.16
0.195
0.05
0.39
0.315
0.06
0.105
0.105
0.035
0.17
0.155
0.14
0.025
0.06
0.145
0.05
0.075
0.04
0.295
0.42
0.41
0.33
0.53
0.295
0.12
0.09
0.16
0.08
0.16
0.18
0.335
0.175
0.215
0.205
0.24
0.17
0.24
0.245
0.245
0.19
0.265
0.08
0.07
0.175
0.12
0.29
0.185
0.255
0.21
0.345
0.195
0.295
0.19
0.025
0.11
0.085
0.005
0.04
0.005
0.03
0.14
0.1195
0.0875
0.173
0.123
0.1105
0.1175
0.144
0.0795
0.0765
0.1005
0.032
0.063
0.083
0.0335
0.0695
0.063
0.03
0.035
0.0245
0.0085
0.005
0.005
0.293
0.4405
0.295
0.155
0.195
0.1
0.155
0.255
0.165
0.275
0.23
0.265
0.22
0.29
0.175
0.205
0.21
0.32
0.125
0.245
0.06
0.215
0.26
0.265
0.265
0.45
0.16
0.28
0.39
0.195
0.14
0.315
0.275
0.525
0.35
0.37
0.41
0.27
0.31
0.325
0.335
0.3
0.47
0.32
0.3
0.32
0.07
0.233
0.278
0.2965
0.17
0.085
0.12
0.185
0.31
0.2
0.195
0.19
0.195
0.3
0.215
0.255
0.085
0.015
0.2905
0.1845
0.262
0.1635
0.262
0.263
0.1685
0.1625
0.256
0.3635
0.234
0.214
0.122
0.2885
0.117
0.185
0.115
0.155
0.065
0.155
0.095
0.03
0.24
0.13
0.235
0.285
0.205
0.018
0.023
0.0535
0.049
0.0575
0.062
0.054
0.0745
0.0735
0.0615
0.0605
0.086
0.09
0.082
0.077
0.094
0.106
0.109
0.091
0.0945
0.1465
0.1105
0.089
0.1405
0.169
0.172
0.175
0.1525
0.1775
0.214
0.166
0.239
0.225
0.202
0.21
0.2375
0.283
0.2875
0.2765
0.2385
0.265
0.2745
0.194
0.2705
0.3095
0.33
0.33
0.32
0.271
0.305
0.36
0.3205
0.3445
0.3985
0.325
0.292
0.345
0.32
0.41
0.3685
0.315
0.411
0.381
0.406
0.39
0.31
0.2715
0.321
0.399
0.405
0.601
0.453
0.4
0.413
0.455
0.42
0.415
0.475
0.455
0.897
0.0135
0.021
0.017
0.027
0.02
0.0245
0.0345
0.0385
0.043
0.037
0.037
0.0425
0.04
0.0425
0.05
0.0445
0.055
0.0445
0.045
0.055
0.065
0.067
0.0795
0.055
0.07
0.09
0.1
0.091
0.09
0.1
0.09
0.1
0.105
0.105
0.095
0.1125
0.1145
0.134
0.105
0.1195
0.1195
0.137
0.1335
0.1135
0.119
0.1465
0.1295
0.115
0.1265
0.113
0.143
0.12
0.1095
0.14
0.146
0.15
0.127
0.17
0.1575
0.115
0.14
0.129
0.1695
0.1495
0.144
0.1565
0.135
0.1535
0.1825
0.1785
0.156
0.155
0.185
0.19
0.175
0.18
0.1885
0.1955
0.23
0.155
0.175
0.17
0.205
0.202
0.186
0.205
0.2155
0.2195
0.218
0.275
0.274
0.18
0.295
0.343
0.27
0.24
0.214
0.29
0.249
0.29
0.276
0.2835
0.29
0.237
0.275
0.309
0.25
0.155
0.25
0.274
0.2515
0.27
0.295
0.275
0.2925
0.3085
0.3295
0.33
0.388
0.365
0.405
0.349
0.315
0.401
0.31
0.315
0.3235
0.395
0.3745
0.335
0.409
0.4
0.3185
0.432
0.4
0.336
0.349
0.3
0.385
0.3725
0.46
0.477
0.1825
0.403
0.441
0.5175
0.485
0.335
0.4005
0.435
0.553
0.498
0.405
0.48
0.503
0.4045
0.5475
0.4135
0.405
0.6
0.6205
0.0095
0.011
0.0095
0.007
0.015
0.0215
0.0225
0.025
0.028
0.034
0.03
0.039
0.039
0.0405
0.055
0.0635
0.067
0.065
0.065
0.087
0.093
0.0875
0.106
0.1035
0.105
0.088
0.1045
0.1035
0.096
0.106
0.12
0.117
0.13
0.109
0.1315
0.12
0.0975
0.098
0.102
0.1175
0.129
0.142
0.13
0.115
0.1665
0.141
0.1585
0.17
0.134
0.131
0.1405
0.182
0.1385
0.1525
0.166
0.15
0.185
0.157
0.167
0.254
0.17
0.1835
0.201
0.1405
0.19
0.169
0.1895
0.156
0.19
0.218
0.175
0.223
0.2165
0.234
0.2215
0.245
0.205
0.23
0.206
0.2645
0.25
0.22
0.224
0.265
0.2575
0.222
0.238
0.26
0.245
0.228
0.22
0.265
0.441
0.22
0.253
0.2295
0.265
0.235
0.265
0.24
0.2565
0.24
0.25
0.225
0.292
0.274
0.317
0.357
0.2415
0.2865
0.267
0.27
0.2415
0.285
0.2475
0.2405
0.281
0.332
0.286
0.287
0.3425
0.2885
0.358
0.3735
0.305
0.4245
0.294
0.345
0.364
0.476
0.34
0.3595
0.353
0.4735
0.4
0.39
0.3865
0.3695
0.4375
0.446
0.638
0.3995
0.301
0.4525
0.5075
0.42
0.5375
0.5215
0.2685
0.4505
0.4825
0.5
0.5
0.545
0.6785
0.595
0.586
0.15
0.0215
0.0225
0.025
0.0355
0.038
0.04
0.0445
0.0385
0.09
0.052
0.0435
0.048
0.055
0.055
0.05
0.065
0.0525
0.064
0.058
0.06
0.06
0.075
0.062
0.061
0.0695
0.0755
0.0775
0.065
0.07
0.0755
0.07
0.0745
0.067
0.0735
0.0655
0.089
0.0945
0.085
0.082
0.0765
0.075
0.17
0.082
0.1
0.106
0.08
0.115
0.1045
0.12
0.12
0.12
0.126
0.1245
0.11
0.11
0.114
0.141
0.113
0.135
0.1505
0.115
0.14
0.1505
0.15
0.165
0.132
0.135
0.1495
0.16
0.167
0.1565
0.2065
0.185
0.196
0.157
0.195
0.18
0.18
0.171
0.16
0.205
0.175
0.18
0.1905
0.164
0.2045
0.167
0.192
0.189
0.21
0.154
0.225
0.2075
0.194
0.2175
0.229
0.227
0.207
0.2545
0.185
0.223
0.2
0.248
0.2325
0.215
0.255
0.28
0.23
0.225
0.236
0.2165
0.2695
0.235
0.21
0.225
0.219
0.1685
0.2215
0.245
0.2655
0.2705
0.202
0.275
0.2125
0.306
0.22
0.2955
0.204
0.253
0.235
0.335
0.285
0.274
0.295
0.2885
0.237
0.23
0.31
0.275
0.2255
0.305
0.309
0.325
0.27
0.28
0.269
0.295
0.33
0.315
0.26
0.335
0.275
0.25
0.305
0.3035
0.286
0.347
0.275
0.2895
0.34
0.295
0.3035
0.3
0.3
0.355
0.39
0.355
0.354
0.33
0.315
0.3045
0.321
0.3185
0.345
0.315
0.3365
0.28
0.315
0.3455
0.39
0.323
0.3665
0.31
0.406
0.4075
0.345
0.3725
0.4325
0.349
0.435
0.405
0.375
0.391
0.3985
0.46
0.383
0.365
0.3925
0.3575
0.435
0.3725
0.3745
0.469
0.461
0.4975
0.195
0.512
0.528
0.43
0.45
0.51
0.5365
0.595
0.52
0.565
0.558
0.612
0.7975
0.004
0.036
0.0605
0.053
0.0615
0.067
0.0675
0.0765
0.0825
0.08
0.0855
0.0815
0.0805
0.073
0.103
0.088
0.1075
0.1015
0.1025
0.1135
0.11
0.1065
0.125
0.116
0.1175
0.1365
0.142
0.1165
0.1335
0.147
0.147
0.198
0.1555
0.144
0.1555
0.161
0.17
0.2185
0.17
0.149
0.1735
0.189
0.175
0.203
0.1945
0.215
0.22
0.1835
0.249
0.238
0.2385
0.3055
0.2095
0.2335
0.245
0.2515
0.275
0.288
0.25
0.357
0.2765
0.38
0.3315
0.305
0.251
0.25
0.275
0.312
0.3465
0.305
0.276
0.329
0.305
0.31
0.3245
0.315
0.377
0.4025
0.415
0.43
0.335
0.495
0.4
0.3195
0.215
0.444
0.4195
0.345
0.395
0.41
0.345
0.415
0.4685
0.395
0.461
0.32
0.595
0.388
0.494
0.5015
0.446
0.445
0.013
0.0335
0.0405
0.0415
0.0415
0.05
0.055
0.054
0.058
0.061
0.066
0.055
0.066
0.065
0.07
0.075
0.082
0.076
0.07
0.0835
0.08
0.077
0.073
0.0955
0.075
0.0965
0.09
0.095
0.11
0.105
0.105
0.1345
0.147
0.1205
0.13
0.147
0.12
0.155
0.19
0.112
0.125
0.175
0.15
0.239
0.16
0.143
0.169
0.15
0.19
0.1935
0.173
0.169
0.162
0.15
0.138
0.1275
0.17
0.185
0.165
0.1895
0.2875
0.178
0.175
0.169
0.225
0.177
0.2135
0.195
0.249
0.175
0.24
0.25
0.2295
0.269
0.235
0.225
0.213
0.18
0.1725
0.22
0.259
0.217
0.23
0.2215
0.21
0.17
0.206
0.2765
0.236
0.2
0.2645
0.231
0.27
0.215
0.219
0.21
0.245
0.25
0.2815
0.28
0.1825
0.268
0.239
0.34
0.235
0.355
0.47
0.25
0.254
0.36
0.239
0.275
0.23
0.295
0.2285
0.235
0.253
0.309
0.265
0.26
0.265
0.217
0.2535
0.235
0.3
0.305
0.2725
0.29
0.325
0.275
0.2635
0.275
0.27
0.22
0.24
0.3345
0.431
0.266
0.28
0.3085
0.2945
0.379
0.26
0.31
0.355
0.28
0.311
0.315
0.335
0.395
0.357
0.305
0.313
0.295
0.2965
0.309
0.3
0.3325
0.3105
0.354
0.3145
0.3705
0.278
0.3
0.3995
0.339
0.3035
0.328
0.3615
0.418
0.305
0.38
0.36
0.3685
0.4435
0.335
0.386
0.3845
0.48
0.3745
0.317
0.315
0.415
0.36
0.33
0.35
0.335
0.391
0.378
0.3665
0.365
0.305
0.425
0.363
0.341
0.415
0.495
0.3925
0.353
0.3665
0.32
0.395
0.315
0.308
0.3
0.4275
0.354
0.465
0.3545
0.3965
0.4125
0.4705
0.32
0.438
0.46
0.54
0.512
0.265
0.502
0.48
0.435
0.566
0.485
0.511
0.435
0.503
0.5655
0.557
0.482
0.575
0.63
0.642
0.578
0.0705
0.1125
0.1675
0.143
0.1645
0.117
0.1
0.211
0.1215
0.209
0.12
0.182
0.2365
0.319
0.2825
0.296
0.273
0.252
0.276
0.159
0.2105
0.1795
0.304
0.228
0.403
0.2845
0.3345
0.344
0.29
0.2485
0.213
0.4155
0.258
0.253
0.3285
0.251
0.343
0.297
0.3005
0.315
0.2565
0.3185
0.344
0.3475
0.291
0.31
0.315
0.3965
0.3075
0.466
0.378
0.4375
0.389
0.4215
0.3965
0.455
0.4645
0.5015
0.4425
0.643
0.009
0.018
0.036
0.06
0.06
0.065
0.075
0.07
0.081
0.11
0.11
0.105
0.085
0.0975
0.115
0.1135
0.12
0.098
0.11
0.105
0.1185
0.1185
0.166
0.135
0.1465
0.154
0.147
0.15
0.165
0.1505
0.191
0.15
0.225
0.207
0.195
0.245
0.235
0.14
0.184
0.168
0.165
0.1425
0.143
0.1695
0.21
0.175
0.23
0.24
0.183
0.1875
0.244
0.295
0.192
0.19
0.244
0.25
0.238
0.23
0.214
0.194
0.18
0.22
0.235
0.279
0.23
0.185
0.26
0.255
0.246
0.25
0.265
0.277
0.283
0.238
0.234
0.2265
0.235
0.239
0.295
0.27
0.35
0.225
0.239
0.22
0.269
0.225
0.3005
0.2795
0.242
0.2485
0.223
0.264
0.329
0.3105
0.298
0.352
0.3
0.321
0.27
0.2985
0.265
0.294
0.285
0.2685
0.3225
0.3885
0.285
0.355
0.34
0.5195
0.325
0.335
0.3215
0.361
0.3535
0.304
0.375
0.265
0.289
0.3395
0.412
0.345
0.335
0.365
0.3535
0.35
0.34
0.41
0.2925
0.34
0.3255
0.4675
0.3385
0.474
0.3305
0.3645
0.3985
0.497
0.394
0.348
0.49
0.37
0.3595
0.436
0.4
0.416
0.4115
0.4245
0.4715
0.384
0.4075
0.5
0.4505
0.538
0.375
0.535
0.4395
0.501
0.503
0.488
0.44
0.646
0.008
0.006
0.015
0.03
0.03
0.03
0.03
0.03
0.03
0.041
0.04
0.0495
0.0495
0.046
0.0735
0.062
0.053
0.065
0.0605
0.078
0.0805
0.0925
0.0985
0.105
0.095
0.129
0.1375
0.145
0.145
0.1365
0.167
0.185
0.1535
0.2035
0.168
0.1765
0.196
0.185
0.2385
0.2675
0.253
0.2475
0.245
0.2625
0.275
0.2425
0.295
0.341
0.3925
0.386
0.025
0.0285
0.033
0.027
0.057
0.054
0.0725
0.082
0.105
0.087
0.0805
0.087
0.11
0.12
0.135
0.1335
0.132
0.116
0.121
0.1275
0.1955
0.158
0.1635
0.139
0.2385
0.1785
0.1515
0.1455
0.1795
0.2035
0.2365
0.1845
0.231
0.213
0.209
0.238
0.2605
0.192
0.356
0.262
0.3375
0.22
0.372
0.2725
0.339
0.32
0.4275
0.49
0.462
0.488
0.28
0.479
0.602
0.4935
0.6585
0.175
0.245
0.21
0.095
0.095
0.22
0.125
0.175
0.115
0.085
0.215
0.095
0.085
0.165
0.285
0.365
0.6
0.885
0.335
0.045
0.125
0.175
0.08
0.0035
0.009
0.045
0.08
0.185
0.145
0.11
0.145
0.13
0.035
0.09
0.15
0.185
0.085
0.4
0.245
0.295
0.055
0.215
0.13
0.12
0.18
0.335
0.31
0.295
0.465
0.16
0.05
0.125
0.155
0.135
0.11
0.185
0.17
0.115
0.036
0.1505
0.5855
0.0935
0.035
0.265
0.435
0.49
0.725
0.285
0.41
0.57
0.885
0.49
0.29
0.095
0.3
0.085
0.07
0.045
0.005
0.04
0.01
0.01
0.23
0.355
0.35
0.405
0.395
0.34
0.445
0.445
0.26
0.355
0.35
0.045
0.13
0.185
0.26
0.17
0.195
0.315
0.455
0.3
0.02
0.12
0.045
0.07
0.125
0.03
0.585
0.44
0.51
0.295
0.47
0.13
0.042
0.04
0.135
0.665
0.525
0.61
0.35
0.52
0.57
0.155
0.175
0.065
0.25
0.27
0.19
0.2
0.385
0.53
0.39
0.265
0.28
0.08
0.03
0.215
0.075
0.275
0.25
0.295
0.35
0.295
0.415
0.33
0.4
0.11
0.16
0.125
0.125
0.185
0.165
0.085
0.205
0.105
0.15
0.075
0.315
0.415
0.38
0.38
0.36
0.53
0.24
0.175
0.285
0.135
0.295
0.32
0.27
0.3
0.32
0.345
0.62
0.36
0.42
0.295
0.255
0.32
0.25
0.58
0.37
0.685
0.445
0.355
0.425
0.17
0.195
0.155
0.185
0.175
0.125
0.1
0.1
0.195
0.1
0.06
0.285
0.065
0.185
0.095
0.055
0.22
0.285
0.25
0.17
0.125
0.165
0.21
0.23
0.195
0.265
0.285
0.26
0.365
0.23
0.175
0.195
0.125
0.085
0.04
0.34
0.275
0.27
0.25
0.29
0.2
0.205
0.095
0.215
0.22
0.095
0.475
0.1
0.12
0.2
0.24
0.255
0.115
0.335
0.215
0.445
0.62
0.36
0.275
0.245
0.485
0.455
0.25
0.045
0.025
0.008
0.4
0.565
0.263
0.2175
0.2515
0.149
0.216
0.27
0.42
0.525
0.31
0.28
0.4
0.25
0.515
0.505
0.265
0.25
0.41
0.305
0.29
0.315
0.5
0.48
0.66
0.3
0.105
0.01
0.11
0.185
0.135
0.07
0.109
0.1815
0.106
0.0735
0.01
0.0075
0.215
0.21
0.132
0.14
0.177
0.1525
0.2215
0.144
0.1335
0.069
0.0605
0.043
0.38
0.32
0.35
0.435
0.19
0.235
0.17
0.195
0.14
0.045
0.3
0.315
0.32
0.395
0.33
0.36
0.167
0.1785
0.048
0.17
0.0955
0.113
0.13
0.04
0.155
0.16
0.06
0.26
0.1475
0.095
0.03
0.26
0.285
0.03
0.18
0.07
0.185
0.485
0.38
0.555
0.49
0.22
0.3
0.055
0.28
0.06
0.145
0.255
0.145
0.14
0.14
0.18
0.28
0.03
0.06
0.0835
0.145
0.06
0.096
0.032
0.027
0.022
0.0225
0.0225
0.011
0.358
0.19
0.27
0.13
0.315
0.215
0.18
0.105
0.235
0.07
0.24
0.24
0.375
0.385
0.32
0.31
0.28
0.38
0.34
0.135
0.2115
0.24
0.08
0.21
0.275
0.235
0.065
0.2515
0.3065
0.204
0.1835
0.113
0.3205
0.187
0.085
0.105
0.225
0.17
0.285
0.25
0.355
0.2
0.07
0.033
0.0345
0.083
0.0525
0.044
0.114
0.095
0.093
0.0945
0.105
0.1505
0.175
0.163
0.135
0.1625
0.161
0.211
0.172
0.199
0.2235
0.2625
0.2485
0.325
0.292
0.335
0.361
0.3175
0.35
0.288
0.309
0.33
0.384
0.471
0.431
0.513
0.4065
0.54
0.4535
0.474
0.4395
0.6095
0.43
0.435
0.013
0.016
0.02
0.0255
0.031
0.03
0.035
0.0365
0.047
0.07
0.07
0.07
0.08
0.088
0.095
0.111
0.1305
0.11
0.125
0.118
0.1325
0.1375
0.1165
0.107
0.111
0.12
0.1225
0.136
0.12
0.135
0.1485
0.1325
0.185
0.172
0.202
0.195
0.1505
0.1835
0.215
0.213
0.215
0.24
0.2505
0.2295
0.259
0.2425
0.2335
0.263
0.31
0.287
0.289
0.248
0.29
0.29
0.264
0.315
0.355
0.292
0.3225
0.345
0.3275
0.3385
0.3185
0.3595
0.38
0.2885
0.35
0.37
0.37
0.3165
0.3775
0.341
0.391
0.498
0.4325
0.4175
0.505
0.5165
0.624
0.5335
0.584
0.015
0.0315
0.035
0.048
0.0715
0.075
0.095
0.103
0.094
0.09
0.103
0.113
0.125
0.1345
0.1185
0.123
0.1455
0.157
0.13
0.15
0.136
0.1605
0.145
0.178
0.167
0.1725
0.168
0.175
0.201
0.205
0.17
0.18
0.1755
0.185
0.2105
0.213
0.255
0.25
0.2285
0.248
0.225
0.225
0.2245
0.249
0.26
0.2565
0.265
0.3345
0.227
0.491
0.293
0.2345
0.2505
0.246
0.2725
0.31
0.305
0.345
0.3095
0.327
0.37
0.375
0.176
0.335
0.285
0.317
0.3275
0.336
0.344
0.335
0.3055
0.3755
0.36
0.351
0.3935
0.412
0.406
0.4025
0.47
0.4405
0.405
0.5085
0.488
0.471
0.5285
0.0105
0.0105
0.02
0.031
0.0575
0.053
0.06
0.058
0.06
0.058
0.0825
0.066
0.081
0.068
0.09
0.0865
0.091
0.0995
0.085
0.0765
0.1
0.101
0.105
0.1
0.1015
0.105
0.14
0.1155
0.1185
0.1315
0.123
0.11
0.1325
0.172
0.16
0.2305
0.1615
0.21
0.165
0.1805
0.162
0.2
0.1615
0.195
0.199
0.2
0.19
0.245
0.275
0.225
0.236
0.205
0.203
0.2435
0.24
0.2785
0.245
0.251
0.29
0.265
0.23
0.3265
0.25
0.2705
0.295
0.274
0.22
0.225
0.254
0.275
0.278
0.28
0.367
0.24
0.315
0.29
0.272
0.2745
0.307
0.324
0.295
0.3465
0.34
0.265
0.3115
0.465
0.346
0.3175
0.285
0.2875
0.175
0.365
0.45
0.3745
0.422
0.475
0.4865
0.461
0.45
0.404
0.52
0.0155
0.021
0.026
0.042
0.043
0.0425
0.056
0.0585
0.0675
0.077
0.1095
0.1115
0.123
0.1405
0.1535
0.16
0.1985
0.1895
0.1815
0.189
0.21
0.2035
0.1965
0.25
0.27
0.2325
0.2595
0.2765
0.31
0.31
0.285
0.307
0.26
0.287
0.337
0.25
0.3485
0.294
0.3
0.4105
0.299
0.319
0.405
0.385
0.331
0.371
0.4755
0.3875
0.435
0.4945
0.5315
0.505
0.038
0.0405
0.0495
0.0455
0.056
0.058
0.065
0.072
0.088
0.09
0.115
0.115
0.0855
0.16
0.131
0.174
0.1545
0.161
0.1755
0.152
0.2
0.17
0.15
0.177
0.204
0.16
0.255
0.185
0.2525
0.24
0.246
0.1765
0.2055
0.208
0.244
0.21
0.2265
0.2175
0.222
0.228
0.246
0.23
0.29
0.305
0.248
0.2895
0.287
0.195
0.26
0.345
0.238
0.259
0.265
0.265
0.253
0.3135
0.3605
0.2775
0.315
0.335
0.3745
0.3
0.274
0.398
0.2915
0.2915
0.3165
0.29
0.2615
0.3185
0.277
0.3745
0.3525
0.3115
0.355
0.28
0.233
0.3885
0.315
0.34
0.348
0.406
0.367
0.355
0.352
0.345
0.363
0.4395
0.293
0.317
0.445
0.47
0.43
0.4535
0.405
0.394
0.3605
0.325
0.386
0.44
0.387
0.425
0.365
0.325
0.355
0.41
0.341
0.44
0.5305
0.625
0.495
0.0885
0.109
0.097
0.313
0.2505
0.141
0.1515
0.343
0.177
0.2875
0.2055
0.337
0.389
0.1965
0.1975
0.2925
0.276
0.2725
0.41
0.322
0.33
0.3315
0.2925
0.354
0.363
0.2835
0.266
0.416
0.326
0.37
0.437
0.3685
0.563
0.726
0.02
0.07
0.08
0.084
0.079
0.075
0.0945
0.1135
0.115
0.12
0.1245
0.1345
0.135
0.1455
0.162
0.16
0.15
0.15
0.209
0.165
0.196
0.186
0.18
0.237
0.159
0.38
0.21
0.265
0.264
0.2475
0.2845
0.2315
0.276
0.22
0.237
0.24
0.2425
0.335
0.235
0.289
0.245
0.5
0.289
0.2875
0.291
0.255
0.384
0.29
0.343
0.3075
0.355
0.37
0.4695
0.3825
0.3155
0.387
0.3015
0.3355
0.395
0.364
0.42
0.3225
0.3415
0.401
0.4485
0.385
0.406
0.545
0.4055
0.471
0.455
0.4625
0.5965
0.48
0.017
0.016
0.025
0.0595
0.093
0.0725
0.1305
0.174
0.1545
0.188
0.235
0.184
0.1345
0.161
0.345
0.221
0.2505
0.121
0.277
0.3055
0.439
0.421
0.032
0.0315
0.068
0.0725
0.075
0.0895
0.103
0.094
0.1175
0.101
0.1185
0.1455
0.1385
0.203
0.208
0.223
0.2185
0.2315
0.2365
0.236
0.323
0.3245
0.352
0.1625
0.3105
0.316
0.3815
0.3725
0.185
0.19
0.185
0.265
0.19
0.23
0.065
0.48
0.01
0.0185
0.0065
0.355
0.245
0.315
0.345
0.6855
0.71
0.396
0.725
0.13
0.135
0.175
0.175
0.3
0.12
0.215
0.05
0.035
0.05
0.375
0.245
0.3805
0.22
0.475
0.295
0.31
0.35
0.285
0.28
0.18
0.065
0.145
0.235
0.165
0.195
0.0775
0.034
0.0835
0.206
0.52
0.29
0.575
0.235
0.13
0.17
0.665
0.24
0.01
0.405
0.2
0.31
0.32
0.38
0.045
0.05
0.16
0.18
0.215
0.08
0.51
0.41
0.49
0.07
0.04
0.175
0.06
0.146
0.265
0.335
0.325
0.21
0.315
0.37
0.545
0.125
0.365
0.465
0.21
0.1
0.355
0.255
0.47
0.115
0.119
0.145
0.115
0.4
0.275
0.125
0.265
0.365
0.42
0.485
0.075
0.315
0.43
0.47
0.29
0.395
0.42
0.37
0.515
0.44
0.295
0.365
0.275
0.05
0.145
0.185
0.175
0.11
0.13
0.045
0.29
0.185
0.165
0.39
0.29
0.37
0.33
0.29
0.285
0.16
0.185
0.12
0.115
0.31
0.24
0.255
0.145
0.175
0.25
0.13
0.17
0.215
0.22
0.565
0.555
0.22
0.305
0.28
0.26
0.405
0.315
0.205
0.27
0.225
0.193
0.193
0.178
0.295
0.345
0.22
0.33
0.395
0.39
0.405
0.39
0.49
0.52
0.265
0.22
0.355
0.08
0.11
0.03
0.135
0.355
0.155
0.215
0.1
0.1125
0.0655
0.184
0.03
0.008
0.52
0.25
0.175
0.1595
0.098
0.0725
0.0485
0.28
0.425
0.275
0.225
0.08
0.2
0.2
0.145
0.085
0.14
0.145
0.42
0.58
0.275
0.264
0.1845
0.112
0.1345
0.212
0.23
0.198
0.104
0.165
0.17
0.18
0.185
0.205
0.158
0.125
0.13
0.085
0.07
0.035
0.315
0.335
0.09
0.09
0.19
0.055
0.12
0.03
0.375
0.335
0.37
0.135
0.055
0.195
0.29
0.155
0.125
0.04
0.031
0.057
0.031
0.009
0.325
0.19
0.22
0.045
0.125
0.26
0.31
0.335
0.33
0.26
0.305
0.41
0.32
0.3
0.385
0.34
0.1945
0.07
0.13
0.25
0.2495
0.215
0.075
0.075
0.05
0.064
0.053
0.09
0.093
0.0915
0.1
0.184
0.185
0.148
0.337
0.218
0.265
0.371
0.28
0.37
0.292
0.2785
0.316
0.409
0.43
0.5
0.5235
0.0215
0.03
0.045
0.06
0.065
0.063
0.0645
0.075
0.075
0.075
0.09
0.131
0.14
0.126
0.135
0.13
0.145
0.1645
0.151
0.146
0.161
0.2
0.1915
0.25
0.2155
0.225
0.2815
0.31
0.315
0.3455
0.29
0.365
0.2825
0.345
0.405
0.475
0.295
0.353
0.354
0.372
0.4265
0.565
0.529
0.4375
0.014
0.013
0.06
0.0765
0.0815
0.075
0.1
0.09
0.12
0.109
0.123
0.139
0.1845
0.128
0.3065
0.1485
0.1535
0.183
0.2185
0.27
0.23
0.23
0.2215
0.1955
0.225
0.22
0.255
0.289
0.268
0.335
0.325
0.348
0.322
0.3135
0.271
0.32
0.288
0.355
0.38
0.355
0.385
0.4085
0.43
0.42
0.461
0.398
0.4535
0.449
0.468
0.0125
0.02
0.0305
0.038
0.0505
0.054
0.0575
0.056
0.054
0.0585
0.0625
0.0775
0.087
0.08
0.08
0.1065
0.098
0.1315
0.125
0.12
0.14
0.1205
0.11
0.142
0.125
0.14
0.15
0.1375
0.1645
0.1535
0.1855
0.16
0.19
0.198
0.2365
0.1975
0.2
0.2425
0.308
0.277
0.2365
0.223
0.285
0.1965
0.271
0.2575
0.27
0.238
0.2445
0.279
0.259
0.294
0.2425
0.3205
0.275
0.39
0.36
0.31
0.239
0.31
0.29
0.319
0.374
0.39
0.302
0.325
0.365
0.369
0.4115
0.432
0.3095
0.405
0.4
0.335
0.401
0.325
0.465
0.445
0.6195
0.009
0.0675
0.077
0.1025
0.126
0.1395
0.148
0.119
0.228
0.2065
0.215
0.27
0.365
0.3045
0.31
0.3285
0.371
0.228
0.38
0.32
0.315
0.333
0.335
0.405
0.37
0.3905
0.48
0.4305
0.5675
0.029
0.035
0.0365
0.044
0.035
0.055
0.0825
0.078
0.105
0.125
0.1
0.13
0.1455
0.14
0.125
0.127
0.135
0.1355
0.151
0.1745
0.195
0.171
0.168
0.2225
0.215
0.208
0.215
0.195
0.19
0.2595
0.212
0.205
0.236
0.24
0.221
0.247
0.217
0.239
0.32
0.2845
0.265
0.28
0.287
0.2575
0.3085
0.279
0.305
0.309
0.3555
0.35
0.2935
0.317
0.317
0.332
0.35
0.284
0.305
0.3605
0.3315
0.31
0.375
0.405
0.425
0.36
0.399
0.32
0.3825
0.4355
0.385
0.3885
0.4
0.398
0.339
0.47
0.358
0.3315
0.4165
0.4
0.341
0.425
0.4895
0.46
0.462
0.44
0.434
0.435
0.6745
0.0465
0.1255
0.128
0.067
0.164
0.184
0.1035
0.1325
0.273
0.2475
0.2455
0.185
0.255
0.17
0.146
0.311
0.4095
0.271
0.345
0.283
0.3375
0.287
0.355
0.3005
0.3235
0.407
0.4525
0.516
0.034
0.034
0.0615
0.086
0.091
0.123
0.145
0.11
0.1435
0.13
0.1465
0.165
0.179
0.1945
0.21
0.2595
0.22
0.1825
0.148
0.1895
0.22
0.265
0.2735
0.275
0.2695
0.245
0.21
0.26
0.235
0.2985
0.2255
0.2445
0.2875
0.265
0.245
0.314
0.33
0.2655
0.343
0.306
0.3175
0.345
0.335
0.354
0.315
0.342
0.39
0.37
0.45
0.456
0.374
0.512
0.45
0.5295
0.465
0.44
0.488
0.014
0.05
0.0355
0.064
0.0975
0.1
0.1325
0.175
0.17
0.175
0.24
0.344
0.07
0.21
0.0965
0.1395
0.153
0.2245
0.2515
0.2735
0.3305
0.356
0.274
0.296
0.3945
0.4575
0.4285
0.374
0.431
0.235
0.275
0.17
0.24
0.085
0.175
0.105
0.005
0.055
0.19
0.245
0.205
0.32
0.27
0.355
0.145
0.08
0.159
0.453
0.1025
0.1035
0.285
0.275
0.255
0.255
0.135
0.055
0.49
0.37
0.265
0.19
0.49
0.185
0.445
0.05
0.285
0.195
0.195
0.135
0.205
0.25
0.13
0.17
0.05
0.25
0.05
0.365
0.41
0.155
0.295
0.09
0.3
0.495
0.195
0.045
0.11
0.17
0.255
0.235
0.43
0.185
0.355
0.295
0.165
0.215
0.39
0.56
0.345
0.275
0.005
0.1085
0.1775
0.005
0.36
0.35
0.07
0.02
0.185
0.145
0.12
0.168
0.075
0.205
0.215
0.26
0.275
0.225
0.33
0.345
0.275
0.043
0.08
0.253
0.09
0.225
0.155
0.19
0.18
0.655
0.425
0.47
0.3
0.185
0.018
0.0215
0.26
0.21
0.295
0.07
0.25
0.19
0.355
0.18
0.4
0.375
0.019
0.25
0.19
0.23
0.27
0.255
0.225
0.047
0.184
0.133
0.1775
0.22
0.263
0.3345
0.515
0.4305
0.496
0.585
0.0305
0.03
0.035
0.035
0.045
0.08
0.082
0.07
0.066
0.097
0.1025
0.105
0.119
0.1405
0.135
0.169
0.155
0.18
0.275
0.2515
0.225
0.33
0.322
0.34
0.547
0.3445
0.5055
0.4505
0.3725
0.5755
0.621
0.01
0.02
0.3505
0.062
0.055
0.083
0.1325
0.135
0.1525
0.1555
0.17
0.2015
0.247
0.2515
0.305
0.265
0.245
0.286
0.255
0.323
0.285
0.225
0.37
0.178
0.3
0.335
0.4295
0.4715
0.4705
0.03
0.0505
0.055
0.0605
0.0655
0.0925
0.0965
0.109
0.1075
0.18
0.172
0.1805
0.182
0.1985
0.19
0.21
0.235
0.275
0.215
0.236
0.275
0.239
0.301
0.269
0.28
0.35
0.34
0.355
0.305
0.3245
0.36
0.35
0.31
0.4545
0.499
0.437
0.1415
0.174
0.278
0.3
0.35
0.305
0.072
0.0935
0.0935
0.085
0.1185
0.145
0.149
0.1305
0.19
0.169
0.216
0.2615
0.206
0.225
0.19
0.2095
0.2725
0.3095
0.3
0.31
0.3
0.24
0.2755
0.298
0.27
0.37
0.3705
0.3855
0.37
0.3555
0.35
0.39
0.37
0.355
0.381
0.37
0.386
0.48
0.506
0.475
0.5385
0.48
0.086
0.126
0.139
0.3795
0.1785
0.4525
0.2
0.209
0.2585
0.2785
0.3315
0.3865
0.042
0.077
0.15
0.15
0.1765
0.165
0.185
0.252
0.26
0.255
0.24
0.263
0.2575
0.315
0.251
0.271
0.335
0.32
0.325
0.335
0.347
0.424
0.43
0.365
0.405
0.508
0.657
0.385
0.445
0.355
0.03
0.046
0.041
0.0615
0.11
0.0885
0.115
0.146
0.155
0.14
0.259
0.3
0.2845
0.092
0.079
0.081
0.088
0.156
0.1535
0.1765
0.1815
0.2405
0.229
0.249
0.2605
0.308
0.296
0.495